site/notebooks/data/aplsurp_cruises_cnvs_2024/20240717_CTD04_p29.cnv
* Sea-Bird SBE 9 Data File:
* FileName = C:\Data\RC0122ctd\20240716_CTD04_p29.hex
* Software Version Seasave V 7.26.7.107
* Temperature SN = 1121
* Conductivity SN = 2881
* Number of Bytes Per Scan = 31
* Number of Voltage Words = 4
* Number of Scans Averaged by the Deck Unit = 1
* NMEA Latitude = 47 33.63 N
* NMEA Longitude = 122 28.58 W
* NMEA UTC (Time) = Jul 17 2024  18:21:37
* NMEA baud rate = 4800
** Ship: R/V Rachel Carson
** Cruise ID: RC0121
** Tech: Jalickee
** Chief Scientist: Boyar
** Station: p29
** Cast:  04
# nquan = 10
# nvalues = 27286                                 
# units = specified
# name 0 = depSM: Depth [salt water, m]
# name 1 = t090C: Temperature [ITS-90, deg C]
# name 2 = sal00: Salinity, Practical [PSU]
# name 3 = c0S/m: Conductivity [S/m]
# name 4 = sbox0Mm/Kg: Oxygen, SBE 43 [umol/kg]
# name 5 = CStarTr0: Beam Transmission, WET Labs C-Star [%]
# name 6 = flECO-AFL: Fluorescence, WET Labs ECO-AFL/FL [mg/m^3]
# name 7 = ph: pH
# name 8 = par: PAR/Irradiance, Biospherical/Licor
# name 9 = flag:  0.000e+00
# span 0 =      0.470,    181.998                 
# span 1 =    11.1136,    16.8884                 
# span 2 =    29.1266,    31.1488                 
# span 3 =   3.438858,   3.812085                 
# span 4 =    188.704,    423.387                 
# span 5 =    68.6288,    92.4366                 
# span 6 =     0.1069,     6.4732                 
# span 7 =      7.577,      8.337                 
# span 8 = 1.0000e-12, 2.5966e+03                 
# span 9 = 0.0000e+00, 0.0000e+00                 
# interval = seconds: 0.0416667
# start_time = Jul 17 2024 18:21:37 [NMEA time, header]
# bad_flag = -9.990e-29
*END*
[from data line 6919]
      6.006    14.2270    29.7255   3.641317    317.515    79.0817     4.2608      8.000 1.6244e+02  0.000e+00
      6.043    14.2273    29.7264   3.641450    317.689    79.1086     4.2608      8.000 1.6244e+02  0.000e+00
      6.006    14.2290    29.7276   3.641727    317.713    79.1086     4.2534      8.005 1.6244e+02  0.000e+00
      6.043    14.2300    29.7284   3.641898    317.582    79.1086     4.2534      8.000 1.6244e+02  0.000e+00
      6.006    14.2307    29.7282   3.641929    317.595    79.1086     4.2534      8.000 1.6198e+02  0.000e+00
      6.043    14.2315    29.7268   3.641853    317.614    79.1086     4.2534      8.000 1.6198e+02  0.000e+00
      6.057    14.2315    29.7246   3.641608    317.641    79.0817     4.2608      8.005 1.6152e+02  0.000e+00
      6.042    14.2315    29.7235   3.641488    317.807    79.0817     4.2608      8.000 1.6107e+02  0.000e+00
      6.057    14.2310    29.7248   3.641595    317.680    79.0817     4.2608      8.000 1.6107e+02  0.000e+00
      6.042    14.2305    29.7253   3.641608    317.695    79.0817     4.1655      8.000 1.6061e+02  0.000e+00
      6.057    14.2304    29.7250   3.641557    317.713    79.1086     3.9018      8.000 1.6016e+02  0.000e+00
      6.042    14.2300    29.7251   3.641538    317.719    79.1086     3.7919      8.000 1.6016e+02  0.000e+00
      6.057    14.2297    29.7254   3.641538    317.446    79.1086     3.7919      8.000 1.6016e+02  0.000e+00
      6.042    14.2293    29.7252   3.641488    317.597    79.1086     3.8065      8.000 1.5971e+02  0.000e+00
      6.057    14.2290    29.7255   3.641494    317.610    79.0817     3.8139      8.005 1.5926e+02  0.000e+00
      6.042    14.2295    29.7257   3.641557    317.466    78.7861     3.8139      7.995 1.5926e+02  0.000e+00
      6.057    14.2293    29.7253   3.641500    317.611    78.1949     3.8139      8.000 1.5881e+02  0.000e+00
      6.042    14.2286    29.7251   3.641425    317.773    78.0337     3.8139      8.000 1.5836e+02  0.000e+00
      6.057    14.2283    29.7250   3.641387    317.946    78.0606     3.8065      8.000 1.5836e+02  0.000e+00
      6.101    14.2281    29.7233   3.641185    317.983    78.0875     3.8065      8.000 1.5881e+02  0.000e+00
      6.057    14.2278    29.7194   3.640725    317.857    78.1143     3.8065      8.000 1.5881e+02  0.000e+00
      6.042    14.2239    29.7175   3.640182    317.599    78.1143     3.8065      8.000 1.5926e+02  0.000e+00
      6.057    14.2203    29.7175   3.639880    317.466    78.1143     3.8065      8.000 1.5971e+02  0.000e+00
      6.042    14.2168    29.7203   3.639892    317.621    78.0875     3.8139      8.000 1.6061e+02  0.000e+00
      6.057    14.2150    29.7238   3.640113    317.933    78.0875     3.8139      8.000 1.6061e+02  0.000e+00
      6.042    14.2160    29.7280   3.640662    317.943    78.1143     3.8139      7.995 1.6107e+02  0.000e+00
      6.057    14.2177    29.7308   3.641116    317.789    78.1143     3.8065      8.000 1.6198e+02  0.000e+00
      6.042    14.2202    29.7301   3.641261    317.624    78.1143     3.8065      8.000 1.6198e+02  0.000e+00
      6.006    14.2221    29.7289   3.641280    317.593    78.1143     3.8065      8.000 1.6244e+02  0.000e+00
      6.042    14.2237    29.7284   3.641374    317.553    78.1143     3.8065      8.000 1.6290e+02  0.000e+00
      6.057    14.2248    29.7286   3.641481    317.681    78.0875     3.8139      8.005 1.6290e+02  0.000e+00
      6.042    14.2265    29.7280   3.641551    317.526    78.0875     3.8139      8.000 1.6290e+02  0.000e+00
      6.005    14.2278    29.7278   3.641645    317.499    78.0875     3.8139      8.000 1.6244e+02  0.000e+00
      6.042    14.2292    29.7267   3.641645    317.479    78.1143     3.8139      8.000 1.6244e+02  0.000e+00
      6.005    14.2302    29.7269   3.641753    317.622    78.1143     3.8065      8.000 1.6244e+02  0.000e+00
      6.042    14.2310    29.7271   3.641841    317.477    78.2756     3.8212      8.000 1.6244e+02  0.000e+00
      6.005    14.2322    29.7268   3.641910    317.456    78.8936     4.1435      8.000 1.6244e+02  0.000e+00
      5.991    14.2325    29.7274   3.641999    317.594    79.1354     4.3267      8.000 1.6244e+02  0.000e+00
      6.005    14.2337    29.7269   3.642049    317.591    79.1354     4.3487      8.000 1.6336e+02  0.000e+00
      5.991    14.2342    29.7268   3.642080    317.437    79.1086     4.3340      8.000 1.6336e+02  0.000e+00
      6.005    14.2347    29.7269   3.642137    317.425    79.0817     4.3267      8.000 1.6382e+02  0.000e+00
      5.991    14.2354    29.7268   3.642175    317.426    79.0817     4.3267      8.000 1.6475e+02  0.000e+00
      6.005    14.2361    29.7265   3.642207    317.416    79.1086     4.3267      8.000 1.6569e+02  0.000e+00
      5.932    14.2368    29.7245   3.642043    317.574    79.1086     4.3267      8.000 1.6616e+02  0.000e+00
      6.005    14.2373    29.7254   3.642188    317.440    79.1086     4.3267      8.000 1.6757e+02  0.000e+00
      5.932    14.2378    29.7258   3.642276    317.430    79.1086     4.3267      8.000 1.6996e+02  0.000e+00
      6.005    14.2386    29.7261   3.642377    317.273    79.0817     4.3267      8.000 1.7044e+02  0.000e+00
      5.932    14.2393    29.7290   3.642749    317.387    79.0817     4.3267      8.000 1.7140e+02  0.000e+00
      5.954    14.2418    29.7282   3.642881    317.361    79.1086     4.3267      8.000 1.7335e+02  0.000e+00
      5.932    14.2439    29.7301   3.643266    317.191    79.1086     4.3267      8.000 1.7384e+02  0.000e+00
      5.954    14.2468    29.7301   3.643506    317.176    79.1086     4.3267      8.000 1.7433e+02  0.000e+00
      5.932    14.2491    29.7299   3.643689    317.166    79.1086     4.3267      8.000 1.7582e+02  0.000e+00
      5.954    14.2513    29.7292   3.643796    316.996    79.0817     4.3267      8.000 1.7681e+02  0.000e+00
      5.932    14.2535    29.7289   3.643947    316.965    79.0817     4.3267      8.000 1.7681e+02  0.000e+00
      5.895    14.2556    29.7295   3.644187    317.088    79.0817     4.3267      8.000 1.7681e+02  0.000e+00
      5.932    14.2573    29.7306   3.644458    317.077    79.1086     4.3267      8.000 1.7632e+02  0.000e+00
      5.954    14.2604    29.7312   3.644780    317.223    79.2698     4.3267      8.000 1.7632e+02  0.000e+00
      5.880    14.2644    29.7315   3.645158    317.057    79.3504     4.3267      8.000 1.7582e+02  0.000e+00
      5.954    14.2683    29.7310   3.645430    317.040    79.3504     4.3267      8.000 1.7582e+02  0.000e+00
      5.932    14.2729    29.7292   3.645619    316.868    79.3504     4.3194      8.000 1.7582e+02  0.000e+00
      5.895    14.2761    29.7275   3.645701    316.998    79.3504     4.3267      8.004 1.7532e+02  0.000e+00
      5.932    14.2781    29.7253   3.645638    317.128    79.3504     4.3267      8.000 1.7483e+02  0.000e+00
      5.895    14.2796    29.7250   3.645726    316.974    79.3504     4.2388      8.000 1.7483e+02  0.000e+00
      5.931    14.2807    29.7246   3.645770    317.120    79.3504     4.1435      8.000 1.7483e+02  0.000e+00
      5.895    14.2820    29.7216   3.645556    317.267    79.3504     4.1142      8.004 1.7433e+02  0.000e+00
      5.931    14.2827    29.7206   3.645505    316.984    79.3504     4.1142      8.000 1.7433e+02  0.000e+00
      5.954    14.2841    29.7215   3.645726    316.986    79.3504     4.1216      8.000 1.7433e+02  0.000e+00
      5.931    14.2844    29.7216   3.645758    316.856    79.3504     4.1216      8.004 1.7384e+02  0.000e+00
      5.895    14.2846    29.7211   3.645720    317.024    79.3504     4.1289      8.000 1.7433e+02  0.000e+00
      5.895    14.2847    29.7220   3.645827    317.191    79.3504     4.1289      8.000 1.7433e+02  0.000e+00
      5.990    14.2854    29.7239   3.646105    317.039    79.3235     4.1289      8.000 1.7483e+02  0.000e+00
      5.954    14.2866    29.7258   3.646414    317.007    79.3504     4.1216      7.995 1.7483e+02  0.000e+00
      5.666    14.2883    29.7259   3.646559    316.979    79.3504     4.1216      8.000 1.7582e+02  0.000e+00
      6.278    14.2900    29.7240   3.646509    317.017    79.3504     4.1216      8.000 1.7832e+02  0.000e+00
      5.931    14.2915    29.7218   3.646382    317.172    79.3504     4.1216      8.000 1.7882e+02  0.000e+00
      5.953    14.2922    29.7194   3.646180    317.195    79.3235     4.1289      8.000 1.7832e+02  0.000e+00
      5.990    14.2913    29.7156   3.645688    317.221    79.3773     4.1289      8.000 1.7832e+02  0.000e+00
      6.005    14.2871    29.7164   3.645417    317.256    79.3773     4.1289      8.000 1.7782e+02  0.000e+00
      5.931    14.2834    29.7172   3.645184    317.285    79.3773     4.1216      8.000 1.7681e+02  0.000e+00
      6.005    14.2808    29.7184   3.645102    317.324    79.4041     4.1216      8.000 1.7384e+02  0.000e+00
      5.990    14.2788    29.7185   3.644944    317.194    79.3773     4.1216      8.000 1.7286e+02  0.000e+00
      6.005    14.2771    29.7188   3.644837    317.203    79.4041     4.1216      8.000 1.7237e+02  0.000e+00
      6.042    14.2756    29.7168   3.644490    317.218    79.3773     4.1289      8.000 1.7092e+02  0.000e+00
      6.005    14.2734    29.7127   3.643846    317.557    79.3773     4.1289      8.000 1.6996e+02  0.000e+00
      5.990    14.2696    29.7125   3.643506    317.605    79.3773     4.1289      8.000 1.6948e+02  0.000e+00
      6.005    14.2650    29.7151   3.643398    317.501    79.4041     4.1289      8.000 1.6900e+02  0.000e+00
      6.042    14.2634    29.7142   3.643159    317.539    79.3773     4.1216      8.000 1.6804e+02  0.000e+00
      6.057    14.2620    29.7159   3.643241    317.569    79.3773     4.1216      8.000 1.6804e+02  0.000e+00
      5.931    14.2596    29.7171   3.643159    317.437    79.3773     4.1142      8.000 1.6852e+02  0.000e+00
      6.115    14.2573    29.7156   3.642806    317.615    79.4041     4.0996      8.000 1.6852e+02  0.000e+00
      6.042    14.2535    29.7169   3.642629    317.646    79.3773     4.1069      8.000 1.6852e+02  0.000e+00
      6.057    14.2501    29.7202   3.642705    317.827    79.3773     4.1069      8.000 1.6852e+02  0.000e+00
      6.042    14.2479    29.7213   3.642642    318.028    79.3773     4.1069      8.000 1.6852e+02  0.000e+00
      6.057    14.2468    29.7214   3.642553    317.920    79.3773     4.0996      8.000 1.6852e+02  0.000e+00
      6.042    14.2463    29.7217   3.642541    317.793    79.3773     4.0996      8.000 1.6852e+02  0.000e+00
      6.115    14.2439    29.7213   3.642301    317.810    79.3773     4.0996      8.004 1.6852e+02  0.000e+00
      6.042    14.2410    29.7213   3.642049    317.837    79.4310     4.1069      8.000 1.6852e+02  0.000e+00
      6.056    14.2391    29.7217   3.641942    317.859    79.4848     4.1069      8.000 1.6852e+02  0.000e+00
      6.101    14.2373    29.7223   3.641853    318.022    79.4848     4.1069      8.000 1.6804e+02  0.000e+00
      6.056    14.2361    29.7222   3.641734    318.191    79.5116     4.1069      8.000 1.6757e+02  0.000e+00
      6.101    14.2344    29.7236   3.641753    318.373    79.5116     4.1069      8.000 1.6757e+02  0.000e+00
      6.056    14.2331    29.7257   3.641866    318.393    79.5116     4.0996      8.005 1.6663e+02  0.000e+00
      6.042    14.2339    29.7255   3.641917    318.249    79.5116     4.0996      8.000 1.6616e+02  0.000e+00
      6.056    14.2351    29.7252   3.641980    318.409    79.5116     4.0996      8.004 1.6616e+02  0.000e+00
      6.101    14.2366    29.7266   3.642257    318.422    79.4848     4.1069      8.000 1.6522e+02  0.000e+00
      6.056    14.2385    29.7279   3.642560    318.592    79.4848     4.1069      8.000 1.6475e+02  0.000e+00
      6.042    14.2410    29.7273   3.642711    318.608    79.4848     4.1069      8.000 1.6475e+02  0.000e+00
      6.056    14.2422    29.7264   3.642711    318.632    79.5116     4.0996      8.004 1.6569e+02  0.000e+00
      6.101    14.2439    29.7250   3.642705    318.487    79.5116     4.0996      8.004 1.6569e+02  0.000e+00
      6.056    14.2452    29.7240   3.642705    318.491    79.5116     4.0996      8.004 1.6616e+02  0.000e+00
      6.042    14.2456    29.7241   3.642749    318.510    79.5116     4.1069      8.004 1.6757e+02  0.000e+00
      6.005    14.2468    29.7247   3.642913    318.508    79.4848     4.1069      8.000 1.6900e+02  0.000e+00
      6.042    14.2481    29.7248   3.643039    318.672    79.4848     4.1069      8.000 1.6948e+02  0.000e+00
      6.056    14.2488    29.7247   3.643083    318.864    79.4848     4.1069      8.000 1.7092e+02  0.000e+00
      6.042    14.2486    29.7243   3.643020    318.892    79.5116     4.0996      8.000 1.7237e+02  0.000e+00
      6.056    14.2490    29.7233   3.642944    318.916    79.5116     4.1362      8.004 1.7286e+02  0.000e+00
      5.990    14.2478    29.7241   3.642932    318.927    79.4041     4.1509      8.004 1.7384e+02  0.000e+00
      6.056    14.2473    29.7241   3.642888    318.950    79.1892     4.1509      8.004 1.7532e+02  0.000e+00
      5.990    14.2467    29.7234   3.642768    318.979    79.1354     4.1582      8.004 1.7582e+02  0.000e+00
      6.005    14.2456    29.7235   3.642686    318.998    79.1354     4.1582      8.000 1.7582e+02  0.000e+00
      6.042    14.2444    29.7233   3.642553    319.169    79.1354     4.1582      8.000 1.7632e+02  0.000e+00
      6.005    14.2434    29.7230   3.642440    319.191    79.1623     4.1582      8.000 1.7632e+02  0.000e+00
      5.990    14.2419    29.7240   3.642415    319.212    79.1892     4.1509      8.004 1.7632e+02  0.000e+00
      6.005    14.2419    29.7235   3.642364    319.236    79.1623     4.1509      8.004 1.7632e+02  0.000e+00
      6.041    14.2410    29.7235   3.642295    319.262    79.1623     4.1509      8.004 1.7632e+02  0.000e+00
      5.953    14.2408    29.7242   3.642352    319.275    79.1623     4.1582      8.000 1.7632e+02  0.000e+00
      5.931    14.2400    29.7253   3.642402    319.443    79.1623     4.1582      8.000 1.7681e+02  0.000e+00
      6.056    14.2405    29.7272   3.642654    319.310    79.1623     4.1582      8.000 1.7681e+02  0.000e+00
      5.990    14.2415    29.7267   3.642692    319.308    79.1623     4.1509      8.000 1.7681e+02  0.000e+00
      6.005    14.2443    29.7237   3.642598    319.288    79.1623     4.1509      8.004 1.7731e+02  0.000e+00
      5.990    14.2454    29.7240   3.642717    319.420    79.1623     4.1509      8.004 1.7832e+02  0.000e+00
      5.953    14.2459    29.7252   3.642894    319.408    79.1623     4.1582      8.004 1.7832e+02  0.000e+00
      5.990    14.2468    29.7253   3.642976    319.420    79.1623     4.1582      8.000 1.7832e+02  0.000e+00
      5.953    14.2471    29.7261   3.643090    319.429    79.1354     4.1582      8.000 1.7832e+02  0.000e+00
      5.990    14.2477    29.7259   3.643127    319.272    79.1623     4.1509      8.000 1.7832e+02  0.000e+00
      5.953    14.2490    29.7267   3.643317    319.243    79.1623     4.1509      8.000 1.7882e+02  0.000e+00
      5.990    14.2510    29.7279   3.643626    319.055    79.2160     4.1509      8.000 1.7933e+02  0.000e+00
      5.953    14.2524    29.7292   3.643878    318.994    79.4579     4.1509      8.004 1.7933e+02  0.000e+00
      5.990    14.2545    29.7289   3.644029    318.944    79.5385     4.1509      8.000 1.7933e+02  0.000e+00
      5.953    14.2568    29.7274   3.644061    319.195    79.5385     4.1582      8.000 1.7984e+02  0.000e+00
      5.990    14.2583    29.7261   3.644042    319.183    79.5654     4.1582      8.000 1.8035e+02  0.000e+00
      5.953    14.2603    29.7256   3.644155    319.172    79.5385     4.6710      8.004 1.8035e+02  0.000e+00
      5.990    14.2619    29.7251   3.644237    318.999    79.5385     5.1985      8.004 1.8137e+02  0.000e+00
      6.004    14.2622    29.7247   3.644219    318.958    79.5654     5.3084      8.004 1.8188e+02  0.000e+00
