site/notebooks/data/aplsurp_cruises_cnvs_2024/20240716_CTD01_p28.cnv
* Sea-Bird SBE 9 Data File:
* FileName = C:\Data\RC0122ctd\20240716_CTD01_p28.hex
* Software Version Seasave V 7.26.7.107
* Temperature SN = 1121
* Conductivity SN = 2881
* Number of Bytes Per Scan = 31
* Number of Voltage Words = 4
* Number of Scans Averaged by the Deck Unit = 1
* NMEA Latitude = 47 42.09 N
* NMEA Longitude = 122 27.18 W
* NMEA UTC (Time) = Jul 16 2024  16:05:55
* NMEA baud rate = 4800
** Ship: R/V Rachel Carson
** Cruise ID: RC0121
** Tech: Jalickee
** Chief Scientist: Boyar
** Station: p28
** Cast:  01
# nquan = 10
# nvalues = 35041                                 
# units = specified
# name 0 = depSM: Depth [salt water, m]
# name 1 = t090C: Temperature [ITS-90, deg C]
# name 2 = sal00: Salinity, Practical [PSU]
# name 3 = c0S/m: Conductivity [S/m]
# name 4 = sbox0Mm/Kg: Oxygen, SBE 43 [umol/kg]
# name 5 = CStarTr0: Beam Transmission, WET Labs C-Star [%]
# name 6 = flECO-AFL: Fluorescence, WET Labs ECO-AFL/FL [mg/m^3]
# name 7 = ph: pH
# name 8 = par: PAR/Irradiance, Biospherical/Licor
# name 9 = flag:  0.000e+00
# span 0 =      0.125,    186.089                 
# span 1 =    11.1401,    16.9285                 
# span 2 =    26.2749,    30.5865                 
# span 3 =   3.393952,   3.793179                 
# span 4 =    189.641,    447.382                 
# span 5 =    61.8573,    93.0546                 
# span 6 =     0.0849,     9.6673                 
# span 7 =      7.605,      8.370                 
# span 8 = 1.0000e-12, 3.7322e+03                 
# span 9 = 0.0000e+00, 0.0000e+00                 
# interval = seconds: 0.0416667
# start_time = Jul 16 2024 16:05:55 [NMEA time, header]
# bad_flag = -9.990e-29
*END*
[from data line 34883]
      1.812    16.7267    29.0671   3.778158    410.676    65.1356     2.2754      8.346 1.3593e+02  0.000e+00
      1.746    16.7270    29.0669   3.778171    410.532    65.1356     2.2754      8.346 1.3747e+02  0.000e+00
      1.761    16.7277    29.0651   3.778017    410.527    65.1625     2.2681      8.346 1.4425e+02  0.000e+00
      1.761    16.7267    29.0648   3.777895    410.529    65.1625     2.2681      8.351 1.4713e+02  0.000e+00
      1.805    16.7234    29.0657   3.777716    410.701    65.1625     2.2754      8.346 1.4672e+02  0.000e+00
      1.761    16.7217    29.0673   3.777768    410.718    65.1356     2.2754      8.346 1.4142e+02  0.000e+00
      1.761    16.7210    29.0692   3.777928    410.593    65.1356     2.2754      8.346 1.3865e+02  0.000e+00
      1.805    16.7210    29.0697   3.777992    410.736    65.1625     2.2681      8.351 1.3786e+02  0.000e+00
      1.761    16.7208    29.0703   3.778043    410.595    65.1625     2.2681      8.351 1.2172e+02  0.000e+00
      1.746    16.7205    29.0699   3.777966    410.592    65.1356     2.2754      8.346 1.1243e+02  0.000e+00
      1.812    16.7212    29.0698   3.778011    410.583    65.3506     2.2754      8.346 1.1148e+02  0.000e+00
      1.761    16.7210    29.0716   3.778209    410.569    65.5118     2.2754      8.351 1.1632e+02  0.000e+00
      1.746    16.7231    29.0719   3.778420    410.530    65.5655     2.2681      8.346 1.2035e+02  0.000e+00
      1.761    16.7241    29.0710   3.778395    410.503    65.5387     2.2681      8.346 1.2103e+02  0.000e+00
      1.746    16.7243    29.0702   3.778318    410.479    65.5118     2.2754      8.346 1.3402e+02  0.000e+00
      1.761    16.7248    29.0699   3.778324    410.306    65.5387     2.2754      8.346 1.5093e+02  0.000e+00
      1.761    16.7255    29.0690   3.778286    410.255    65.5387     2.2681      8.346 1.5525e+02  0.000e+00
      1.746    16.7251    29.0691   3.778260    410.362    65.5387     2.2681      8.351 1.5308e+02  0.000e+00
      1.709    16.7255    29.0689   3.778267    410.472    65.5118     2.2754      8.346 1.5050e+02  0.000e+00
      1.761    16.7227    29.0694   3.778094    410.339    65.5387     2.2608      8.346 1.5007e+02  0.000e+00
      1.746    16.7191    29.0717   3.778056    410.348    65.5387     2.2388      8.351 1.4384e+02  0.000e+00
      1.709    16.7181    29.0721   3.778017    410.340    65.5387     2.2388      8.346 1.2881e+02  0.000e+00
      1.746    16.7201    29.0712   3.778081    410.314    65.5118     2.2461      8.346 1.2451e+02  0.000e+00
      1.761    16.7222    29.0707   3.778203    410.285    65.5118     2.2461      8.346 1.2345e+02  0.000e+00
      1.709    16.7241    29.0703   3.778311    410.108    65.5387     2.2388      8.351 1.1933e+02  0.000e+00
      1.746    16.7250    29.0707   3.778433    410.087    65.5387     2.2388      8.351 1.1765e+02  0.000e+00
      1.709    16.7272    29.0707   3.778619    410.030    65.5387     2.2461      8.346 1.1832e+02  0.000e+00
      1.709    16.7281    29.0706   3.778689    409.985    65.5387     2.2461      8.346 1.2345e+02  0.000e+00
      1.746    16.7293    29.0703   3.778753    409.805    65.5118     2.2461      8.351 1.2628e+02  0.000e+00
      1.761    16.7301    29.0696   3.778747    409.773    65.5387     2.2388      8.351 1.2628e+02  0.000e+00
      1.695    16.7305    29.0691   3.778708    409.741    65.5387     2.2388      8.351 1.2664e+02  0.000e+00
      1.761    16.7310    29.0684   3.778676    409.715    65.5387     2.2461      8.346 1.2700e+02  0.000e+00
      1.709    16.7315    29.0676   3.778619    409.539    65.5655     2.2461      8.346 1.2736e+02  0.000e+00
      1.746    16.7317    29.0659   3.778446    409.508    65.5655     2.2388      8.346 1.3825e+02  0.000e+00
      1.761    16.7315    29.0663   3.778471    409.485    65.5655     2.2461      8.351 1.4713e+02  0.000e+00
      1.695    16.7317    29.0675   3.778625    409.598    65.5655     2.2388      8.351 1.4881e+02  0.000e+00
      1.761    16.7306    29.0677   3.778567    409.308    65.5655     2.2461      8.346 1.4062e+02  0.000e+00
      1.761    16.7298    29.0678   3.778510    409.272    65.5655     2.2461      8.346 1.3288e+02  0.000e+00
      1.746    16.7293    29.0679   3.778478    409.246    65.5655     2.2388      8.346 1.3139e+02  0.000e+00
      1.761    16.7289    29.0679   3.778446    409.366    65.5655     2.2461      8.351 1.2881e+02  0.000e+00
      1.709    16.7287    29.0686   3.778510    409.191    65.5655     2.2461      8.346 1.2521e+02  0.000e+00
      1.805    16.7293    29.0675   3.778427    409.014    65.5655     2.2461      8.346 1.2415e+02  0.000e+00
      1.709    16.7301    29.0663   3.778350    408.816    65.5655     2.2461      8.346 1.2592e+02  0.000e+00
      1.805    16.7299    29.0667   3.778388    408.934    65.5924     2.2388      8.351 1.2991e+02  0.000e+00
      1.761    16.7294    29.0674   3.778427    408.916    65.5655     2.2388      8.351 1.3102e+02  0.000e+00
      1.710    16.7291    29.0678   3.778439    409.033    65.5655     2.2095      8.351 1.3251e+02  0.000e+00
      1.746    16.7293    29.0680   3.778484    409.018    65.5387     2.1655      8.346 1.3786e+02  0.000e+00
      1.761    16.7308    29.0664   3.778427    408.709    65.5655     2.1435      8.346 1.4022e+02  0.000e+00
      1.872    16.7315    29.0662   3.778478    408.834    65.5655     2.1435      8.351 1.4022e+02  0.000e+00
      1.746    16.7322    29.0664   3.778542    408.816    65.5655     2.1435      8.351 1.3904e+02  0.000e+00
      1.813    16.7315    29.0666   3.778516    408.953    65.7536     2.1509      8.346 1.3825e+02  0.000e+00
      1.805    16.7308    29.0668   3.778478    408.955    66.0224     2.1509      8.346 1.3786e+02  0.000e+00
      1.761    16.7305    29.0661   3.778369    408.811    66.1030     2.1509      8.346 1.2664e+02  0.000e+00
      1.813    16.7293    29.0665   3.778311    408.823    66.1030     2.1435      8.351 1.2069e+02  0.000e+00
      1.746    16.7281    29.0662   3.778177    408.978    66.1030     2.1435      8.351 1.2000e+02  0.000e+00
      1.761    16.7272    29.0667   3.778158    408.846    66.0761     2.1509      8.346 1.2415e+02  0.000e+00
      1.805    16.7267    29.0680   3.778267    408.857    66.0761     2.1509      8.346 1.2736e+02  0.000e+00
      1.761    16.7282    29.0680   3.778395    408.698    66.0761     2.1509      8.346 1.2772e+02  0.000e+00
      1.761    16.7291    29.0688   3.778561    408.681    66.1030     2.1435      8.351 1.2917e+02  0.000e+00
      1.806    16.7293    29.0739   3.779182    408.662    66.1030     2.1435      8.351 1.3064e+02  0.000e+00
      1.761    16.7337    29.0802   3.780295    408.749    66.1030     2.1435      8.351 1.3064e+02  0.000e+00
      1.710    16.7430    29.0856   3.781710    408.670    66.0761     2.1509      8.346 1.3064e+02  0.000e+00
      1.806    16.7574    29.0845   3.782798    408.722    66.0761     2.1509      8.346 1.3102e+02  0.000e+00
      1.710    16.7707    29.0815   3.783566    408.502    66.0761     2.1509      8.351 1.3102e+02  0.000e+00
      1.747    16.7803    29.0768   3.783841    408.447    66.1030     2.1435      8.351 1.3176e+02  0.000e+00
      1.761    16.7859    29.0711   3.783649    408.427    66.1030     2.1435      8.351 1.3326e+02  0.000e+00
      1.761    16.7881    29.0666   3.783297    408.442    66.0761     2.1509      8.346 1.3364e+02  0.000e+00
      1.695    16.7899    29.0639   3.783130    408.465    66.0761     2.1509      8.346 1.3631e+02  0.000e+00
      1.710    16.7900    29.0628   3.783009    408.493    66.0761     2.1509      8.351 1.4384e+02  0.000e+00
      1.747    16.7890    29.0629   3.782945    408.384    66.1030     2.1435      8.351 1.4672e+02  0.000e+00
      1.710    16.7886    29.0627   3.782887    408.549    65.9686     2.1435      8.351 1.4507e+02  0.000e+00
      1.761    16.7882    29.0612   3.782676    408.590    65.6193     2.1435      8.346 1.3786e+02  0.000e+00
      1.695    16.7844    29.0610   3.782330    408.650    65.4581     2.0923      8.346 1.3478e+02  0.000e+00
      1.710    16.7792    29.0618   3.781985    408.569    65.4581     2.0703      8.346 1.3440e+02  0.000e+00
      1.710    16.7762    29.0650   3.782106    408.601    65.4849     2.0630      8.351 1.3064e+02  0.000e+00
      1.695    16.7768    29.0668   3.782369    408.753    65.4849     2.0630      8.351 1.2808e+02  0.000e+00
      1.710    16.7793    29.0665   3.782542    408.622    65.4849     2.0703      8.346 1.2808e+02  0.000e+00
      1.695    16.7807    29.0660   3.782599    408.624    65.4849     2.0703      8.346 1.2628e+02  0.000e+00
      1.762    16.7816    29.0656   3.782631    408.634    65.4849     2.0703      8.351 1.2486e+02  0.000e+00
      1.710    16.7826    29.0654   3.782689    408.640    65.4849     2.0703      8.351 1.2486e+02  0.000e+00
      1.695    16.7820    29.0662   3.782734    408.803    65.5118     2.0703      8.351 1.2521e+02  0.000e+00
      1.710    16.7824    29.0655   3.782689    408.965    65.5118     2.0703      8.346 1.2592e+02  0.000e+00
      1.710    16.7832    29.0640   3.782574    408.992    65.4849     2.0703      8.346 1.2592e+02  0.000e+00
      1.747    16.7819    29.0657   3.782663    408.739    65.4849     2.0703      8.346 1.3139e+02  0.000e+00
      1.710    16.7809    29.0666   3.782689    408.907    65.5118     2.0630      8.351 1.3825e+02  0.000e+00
      1.747    16.7815    29.0662   3.782702    409.060    65.4849     2.0630      8.351 1.3983e+02  0.000e+00
      1.762    16.7815    29.0654   3.782606    409.084    65.5118     2.0703      8.346 1.4507e+02  0.000e+00
      1.710    16.7815    29.0650   3.782548    409.104    65.4849     2.0703      8.346 1.5569e+02  0.000e+00
      1.747    16.7812    29.0649   3.782516    408.996    65.4849     2.0703      8.346 1.5926e+02  0.000e+00
      1.762    16.7813    29.0644   3.782465    409.008    65.5118     2.0630      8.351 1.5525e+02  0.000e+00
      1.747    16.7808    29.0647   3.782465    409.011    65.5118     2.0630      8.351 1.4589e+02  0.000e+00
      1.762    16.7803    29.0652   3.782471    409.150    65.6462     2.0703      8.346 1.4303e+02  0.000e+00
      1.762    16.7800    29.0647   3.782394    409.164    65.6730     2.0703      8.346 1.3983e+02  0.000e+00
      1.806    16.7794    29.0652   3.782401    409.179    65.6730     2.0703      8.346 1.2772e+02  0.000e+00
      1.762    16.7788    29.0653   3.782356    409.202    65.6730     2.0630      8.351 1.2310e+02  0.000e+00
      1.762    16.7791    29.0640   3.782241    409.223    65.6999     2.0630      8.351 1.2276e+02  0.000e+00
      1.747    16.7794    29.0631   3.782151    409.077    65.6999     2.0703      8.346 1.2345e+02  0.000e+00
      1.813    16.7789    29.0635   3.782164    409.081    65.6730     2.0703      8.346 1.2345e+02  0.000e+00
      1.747    16.7785    29.0644   3.782228    408.788    65.6730     2.0263      8.346 1.2345e+02  0.000e+00
      1.762    16.7781    29.0643   3.782190    408.927    65.6730     1.9897      8.351 1.1967e+02  0.000e+00
      1.813    16.7793    29.0646   3.782324    408.920    65.6999     1.9824      8.351 1.1732e+02  0.000e+00
      1.747    16.7815    29.0645   3.782497    408.891    65.6730     1.9897      8.346 1.1698e+02  0.000e+00
      1.762    16.7815    29.0653   3.782593    408.736    65.6730     1.9897      8.346 1.3440e+02  0.000e+00
      1.762    16.7821    29.0641   3.782503    408.727    65.6730     1.9897      8.351 1.5050e+02  0.000e+00
      1.806    16.7805    29.0639   3.782343    408.870    65.6730     1.9897      8.351 1.5351e+02  0.000e+00
      1.762    16.7791    29.0633   3.782151    408.875    65.6730     1.9897      8.346 1.5178e+02  0.000e+00
      1.747    16.7760    29.0576   3.781229    408.897    65.6730     1.9897      8.346 1.5093e+02  0.000e+00
      1.762    16.7657    29.0561   3.780173    408.821    65.6730     1.9824      8.351 1.5050e+02  0.000e+00
      1.762    16.7542    29.0619   3.779885    408.869    65.6999     1.9824      8.351 1.3631e+02  0.000e+00
      1.747    16.7489    29.0639   3.779668    409.033    65.6730     1.9897      8.346 1.1698e+02  0.000e+00
      1.710    16.7451    29.0625   3.779175    408.916    65.6730     1.9897      8.346 1.1243e+02  0.000e+00
      1.747    16.7426    29.0639   3.779137    408.930    65.5387     1.9824      8.351 1.1212e+02  0.000e+00
      1.762    16.7430    29.0695   3.779822    409.044    65.4849     1.9824      8.351 1.1023e+02  0.000e+00
      1.710    16.7465    29.0740   3.780647    409.000    65.4581     1.9897      8.346 1.0960e+02  0.000e+00
      1.747    16.7495    29.0726   3.780737    408.836    65.4581     1.9897      8.346 1.1212e+02  0.000e+00
      1.710    16.7471    29.0627   3.779373    408.870    65.4849     1.9824      8.351 1.2137e+02  0.000e+00
      1.710    16.7327    29.0583   3.777633    409.130    65.4849     1.9897      8.351 1.2521e+02  0.000e+00
      1.747    16.7160    29.0670   3.777249    409.239    65.4581     1.9897      8.346 1.2700e+02  0.000e+00
      1.710    16.7134    29.0744   3.777896    409.082    65.4581     1.9897      8.351 1.4022e+02  0.000e+00
      1.747    16.7177    29.0750   3.778331    409.040    65.4581     1.9824      8.351 1.4630e+02  0.000e+00
      1.710    16.7224    29.0717   3.778331    409.148    65.4849     1.9897      8.346 1.4672e+02  0.000e+00
      1.762    16.7286    29.0660   3.778196    409.265    65.4581     1.9897      8.346 1.4797e+02  0.000e+00
      1.747    16.7329    29.0627   3.778164    409.098    65.4581     1.9824      8.351 1.4839e+02  0.000e+00
      1.711    16.7347    29.0614   3.778171    409.077    65.4849     1.9824      8.351 1.4839e+02  0.000e+00
      1.762    16.7337    29.0627   3.778247    409.087    65.4581     2.0263      8.346 1.3670e+02  0.000e+00
      1.747    16.7346    29.0625   3.778292    408.928    65.4581     2.0849      8.346 1.2808e+02  0.000e+00
      1.762    16.7360    29.0623   3.778382    408.902    65.4849     2.0923      8.351 1.2700e+02  0.000e+00
      1.747    16.7339    29.0654   3.778580    408.891    65.4849     2.0923      8.351 1.2628e+02  0.000e+00
      1.762    16.7284    29.0706   3.778715    408.904    65.4581     2.0923      8.346 1.2592e+02  0.000e+00
      1.762    16.7267    29.0722   3.778753    408.763    65.4581     2.0923      8.351 1.2592e+02  0.000e+00
      1.747    16.7306    29.0688   3.778689    408.737    65.4849     2.0849      8.351 1.2592e+02  0.000e+00
      1.762    16.7339    29.0662   3.778670    408.718    65.4043     2.0923      8.346 1.2557e+02  0.000e+00
      1.806    16.7358    29.0657   3.778766    408.685    65.2968     2.0923      8.346 1.2592e+02  0.000e+00
      1.762    16.7373    29.0657   3.778900    408.516    65.2968     2.0849      8.351 1.2557e+02  0.000e+00
      1.762    16.7375    29.0666   3.779015    408.504    65.2968     2.0849      8.351 1.2486e+02  0.000e+00
      1.806    16.7377    29.0677   3.779162    408.496    65.2968     2.0923      8.346 1.2451e+02  0.000e+00
      1.762    16.7402    29.0668   3.779278    408.328    65.2968     2.0923      8.346 1.2592e+02  0.000e+00
      1.762    16.7429    29.0653   3.779316    408.145    65.3237     2.0849      8.351 1.3028e+02  0.000e+00
      1.748    16.7420    29.0657   3.779284    408.120    65.3237     2.0923      8.351 1.3139e+02  0.000e+00
      1.762    16.7366    29.0689   3.779220    408.126    65.2968     2.0923      8.346 1.3176e+02  0.000e+00
      1.807    16.7351    29.0697   3.779175    407.979    65.2968     2.0849      8.351 1.3288e+02  0.000e+00
      1.762    16.7368    29.0671   3.779015    407.950    65.3237     2.0849      8.351 1.3326e+02  0.000e+00
      1.762    16.7365    29.0641   3.778638    407.944    65.2968     2.0923      8.346 1.3326e+02  0.000e+00
      1.748    16.7320    29.0658   3.778459    407.669    65.2968     2.0923      8.346 1.2808e+02  0.000e+00
