site/notebooks/data/aplsurp_cruises_cnvs_2024/20240717_CTD03_p28.cnv
* Sea-Bird SBE 9 Data File:
* FileName = C:\Data\RC0122ctd\20240716_CTD03_p28.hex
* Software Version Seasave V 7.26.7.107
* Temperature SN = 1121
* Conductivity SN = 2881
* Number of Bytes Per Scan = 31
* Number of Voltage Words = 4
* Number of Scans Averaged by the Deck Unit = 1
* NMEA Latitude = 47 42.77 N
* NMEA Longitude = 122 25.28 W
* NMEA UTC (Time) = Jul 17 2024  15:45:51
* NMEA baud rate = 4800
** Ship: R/V Rachel Carson
** Cruise ID: RC0121
** Tech: Jalickee
** Chief Scientist: Boyar
** Station: p28
** Cast:  03
# nquan = 10
# nvalues = 31280                                 
# units = specified
# name 0 = depSM: Depth [salt water, m]
# name 1 = t090C: Temperature [ITS-90, deg C]
# name 2 = sal00: Salinity, Practical [PSU]
# name 3 = c0S/m: Conductivity [S/m]
# name 4 = sbox0Mm/Kg: Oxygen, SBE 43 [umol/kg]
# name 5 = CStarTr0: Beam Transmission, WET Labs C-Star [%]
# name 6 = flECO-AFL: Fluorescence, WET Labs ECO-AFL/FL [mg/m^3]
# name 7 = ph: pH
# name 8 = par: PAR/Irradiance, Biospherical/Licor
# name 9 = flag:  0.000e+00
# span 0 =      0.431,    186.510                 
# span 1 =    11.1559,    16.2313                 
# span 2 =    28.9798,    30.6443                 
# span 3 =   3.437885,   3.738677                 
# span 4 =    186.814,    413.095                 
# span 5 =    67.7421,    93.1084                 
# span 6 =     0.0849,     6.5684                 
# span 7 =      7.567,      8.228                 
# span 8 = 1.0000e-12, 1.2150e+03                 
# span 9 = 0.0000e+00, 0.0000e+00                 
# interval = seconds: 0.0416667
# start_time = Jul 17 2024 15:45:51 [NMEA time, header]
# bad_flag = -9.990e-29
*END*
[from data line 2451]
      5.498    13.2153    29.7478   3.558213    306.736    80.9089     4.7296      7.928 6.1898e+01  0.000e+00
      5.483    13.2158    29.7476   3.558237    306.717    81.0433     4.7296      7.928 6.1722e+01  0.000e+00
      5.498    13.2163    29.7477   3.558287    306.701    81.0433     4.7369      7.928 6.1898e+01  0.000e+00
      5.483    13.2168    29.7480   3.558362    306.685    81.0433     4.7296      7.928 6.1722e+01  0.000e+00
      5.498    13.2167    29.7478   3.558325    306.679    81.0164     4.7296      7.932 6.1722e+01  0.000e+00
      5.483    13.2168    29.7478   3.558337    306.813    81.0433     4.7296      7.923 6.1722e+01  0.000e+00
      5.446    13.2170    29.7474   3.558312    306.677    81.0164     4.7369      7.928 6.1722e+01  0.000e+00
      5.542    13.2170    29.7472   3.558287    306.692    81.0433     4.7296      7.923 6.1722e+01  0.000e+00
      5.497    13.2170    29.7473   3.558300    306.533    81.0164     4.7296      7.928 6.1722e+01  0.000e+00
      5.483    13.2172    29.7473   3.558312    306.535    81.0164     4.7369      7.928 6.1546e+01  0.000e+00
      5.497    13.2168    29.7472   3.558281    306.530    81.0433     4.7296      7.928 6.1546e+01  0.000e+00
      5.483    13.2173    29.7469   3.558281    306.523    81.0164     4.7369      7.928 6.1371e+01  0.000e+00
      5.497    13.2177    29.7466   3.558287    306.507    81.0433     4.7296      7.928 6.1371e+01  0.000e+00
      5.542    13.2173    29.7466   3.558250    306.668    81.0164     4.7369      7.928 6.1022e+01  0.000e+00
      5.497    13.2179    29.7457   3.558200    306.524    81.0433     4.7296      7.928 6.1022e+01  0.000e+00
      5.483    13.2175    29.7453   3.558131    306.532    81.0164     4.7296      7.928 6.1022e+01  0.000e+00
      5.556    13.2179    29.7456   3.558194    306.370    81.0433     4.7296      7.928 6.0848e+01  0.000e+00
      5.483    13.2173    29.7466   3.558256    306.366    81.0164     4.7369      7.928 6.0674e+01  0.000e+00
      5.556    13.2172    29.7470   3.558281    306.214    81.0433     4.6051      7.928 6.0501e+01  0.000e+00
      5.542    13.2177    29.7465   3.558275    306.203    81.0164     4.1655      7.928 6.0501e+01  0.000e+00
      5.497    13.2177    29.7464   3.558256    306.353    80.5596     3.9897      7.928 6.0329e+01  0.000e+00
      5.542    13.2175    29.7466   3.558269    306.197    80.1028     3.9970      7.928 6.0329e+01  0.000e+00
      5.497    13.2179    29.7467   3.558306    306.352    80.0490     4.0043      7.928 6.0157e+01  0.000e+00
      5.542    13.2175    29.7461   3.558219    306.206    80.0490     4.0190      7.928 6.0157e+01  0.000e+00
      5.556    13.2177    29.7456   3.558181    306.358    80.0759     4.0190      7.928 5.9986e+01  0.000e+00
      5.541    13.2175    29.7465   3.558256    306.211    80.0759     4.0117      7.928 5.9986e+01  0.000e+00
      5.497    13.2177    29.7463   3.558250    306.366    80.0759     4.0190      7.928 5.9815e+01  0.000e+00
      5.541    13.2179    29.7461   3.558244    306.228    80.0759     4.0117      7.928 5.9815e+01  0.000e+00
      5.556    13.2175    29.7466   3.558269    306.080    80.0759     4.0190      7.923 5.9815e+01  0.000e+00
      5.541    13.2179    29.7464   3.558281    306.062    80.1028     4.0117      7.928 5.9644e+01  0.000e+00
      5.556    13.2179    29.7460   3.558231    306.221    80.0759     4.0190      7.928 5.9815e+01  0.000e+00
      5.541    13.2182    29.7455   3.558212    306.066    80.0759     4.0117      7.928 5.9644e+01  0.000e+00
      5.556    13.2180    29.7452   3.558162    306.219    80.0759     4.0190      7.923 5.9474e+01  0.000e+00
      5.541    13.2173    29.7448   3.558056    306.063    80.1028     4.0117      7.928 5.9474e+01  0.000e+00
      5.556    13.2163    29.7448   3.557981    306.070    80.0759     4.0190      7.928 5.9474e+01  0.000e+00
      5.593    13.2150    29.7463   3.558031    306.236    80.1028     4.0117      7.928 5.9305e+01  0.000e+00
      5.556    13.2145    29.7468   3.558038    306.241    80.0759     4.0190      7.928 5.9305e+01  0.000e+00
      5.541    13.2138    29.7472   3.558025    306.265    80.1028     4.0190      7.928 5.9305e+01  0.000e+00
      5.556    13.2140    29.7469   3.558006    306.275    80.0759     4.0190      7.928 5.9305e+01  0.000e+00
      5.541    13.2133    29.7476   3.558019    306.460    80.0759     4.0190      7.923 5.9136e+01  0.000e+00
      5.556    13.2135    29.7475   3.558025    306.317    80.5865     4.0117      7.928 5.9305e+01  0.000e+00
      5.593    13.2132    29.7480   3.558050    306.492    81.3657     4.0190      7.923 5.9136e+01  0.000e+00
      5.497    13.2133    29.7477   3.558038    306.191    81.5807     4.0117      7.928 5.9136e+01  0.000e+00
      5.593    13.2133    29.7476   3.558025    306.202    81.5270     4.0190      7.923 5.9136e+01  0.000e+00
      5.556    13.2130    29.7479   3.558025    306.198    81.5270     4.0117      7.928 5.9136e+01  0.000e+00
      5.541    13.2132    29.7484   3.558100    306.349    81.5001     3.9970      7.923 5.9136e+01  0.000e+00
      5.556    13.2133    29.7478   3.558050    306.206    81.5001     3.9750      7.928 5.9136e+01  0.000e+00
      5.541    13.2135    29.7479   3.558075    306.376    81.5001     3.9750      7.923 5.9136e+01  0.000e+00
      5.556    13.2142    29.7473   3.558063    306.234    81.5270     3.9750      7.928 5.9305e+01  0.000e+00
      5.541    13.2142    29.7477   3.558106    306.395    81.5001     3.9824      7.923 5.9136e+01  0.000e+00
      5.497    13.2146    29.7475   3.558119    306.412    81.5001     3.9750      7.928 5.9305e+01  0.000e+00
      5.541    13.2150    29.7472   3.558119    306.591    81.5001     3.9824      7.923 5.9305e+01  0.000e+00
      5.556    13.2150    29.7472   3.558119    306.472    81.5270     3.9750      7.928 5.9474e+01  0.000e+00
      5.541    13.2148    29.7473   3.558119    306.654    81.5001     3.9824      7.923 5.9644e+01  0.000e+00
      5.497    13.2150    29.7468   3.558075    306.549    81.5270     3.9750      7.928 5.9474e+01  0.000e+00
      5.541    13.2150    29.7470   3.558100    306.579    81.5001     3.9824      7.923 5.9644e+01  0.000e+00
      5.556    13.2146    29.7470   3.558075    306.612    81.5270     3.9750      7.928 5.9644e+01  0.000e+00
      5.482    13.2148    29.7467   3.558056    306.627    81.5001     3.9824      7.923 5.9815e+01  0.000e+00
      5.556    13.2148    29.7469   3.558081    306.492    81.5270     3.9750      7.928 5.9815e+01  0.000e+00
      5.482    13.2152    29.7465   3.558063    306.652    81.5001     3.9824      7.923 5.9815e+01  0.000e+00
      5.556    13.2153    29.7461   3.558038    306.677    81.3926     3.9750      7.928 5.9815e+01  0.000e+00
      5.482    13.2152    29.7462   3.558025    306.698    81.0702     3.9824      7.923 5.9986e+01  0.000e+00
      5.497    13.2152    29.7464   3.558050    306.892    80.9895     3.9750      7.928 5.9986e+01  0.000e+00
      5.541    13.2146    29.7471   3.558081    306.778    80.9627     3.9750      7.923 6.0157e+01  0.000e+00
      5.497    13.2148    29.7473   3.558113    306.957    81.0164     3.9750      7.928 6.0157e+01  0.000e+00
      5.482    13.2145    29.7472   3.558075    306.672    80.9895     3.9824      7.923 6.0329e+01  0.000e+00
      5.497    13.2150    29.7468   3.558081    306.828    81.0164     3.9750      7.928 6.0329e+01  0.000e+00
      5.541    13.2146    29.7471   3.558088    306.833    80.9895     3.9824      7.923 6.0501e+01  0.000e+00
      5.497    13.2142    29.7473   3.558063    306.991    81.0164     3.9750      7.928 6.0501e+01  0.000e+00
      5.482    13.2140    29.7474   3.558056    306.863    80.9895     3.9824      7.923 6.0674e+01  0.000e+00
      5.497    13.2135    29.7476   3.558031    307.024    81.0164     3.9750      7.928 6.0674e+01  0.000e+00
      5.482    13.2136    29.7472   3.558006    306.894    80.9895     3.9970      7.923 6.0674e+01  0.000e+00
      5.394    13.2136    29.7471   3.557994    306.892    81.0164     4.0190      7.928 6.0674e+01  0.000e+00
      5.592    13.2135    29.7470   3.557975    306.759    80.9895     4.0263      7.923 6.1022e+01  0.000e+00
      5.445    13.2130    29.7477   3.558006    306.900    81.0164     4.0190      7.928 6.0848e+01  0.000e+00
      5.482    13.2128    29.7473   3.557950    306.763    80.9895     4.0263      7.923 6.1022e+01  0.000e+00
      5.497    13.2125    29.7479   3.557981    306.755    81.0164     4.0190      7.928 6.1022e+01  0.000e+00
      5.482    13.2130    29.7474   3.557969    306.729    81.0164     4.0263      7.923 6.1196e+01  0.000e+00
      5.497    13.2135    29.7469   3.557963    306.861    81.0164     4.0190      7.928 6.1196e+01  0.000e+00
      5.482    13.2130    29.7473   3.557963    306.866    80.9895     4.0263      7.928 6.1371e+01  0.000e+00
      5.497    13.2128    29.7475   3.557963    306.857    80.9627     4.0190      7.923 6.1371e+01  0.000e+00
      5.482    13.2130    29.7473   3.557963    306.702    80.5865     4.0190      7.928 6.1371e+01  0.000e+00
      5.445    13.2125    29.7475   3.557938    306.679    80.4521     4.0263      7.923 6.1371e+01  0.000e+00
      5.482    13.2126    29.7473   3.557931    306.500    80.4252     4.0190      7.928 6.1546e+01  0.000e+00
      5.497    13.2121    29.7474   3.557906    306.637    80.4521     4.0263      7.923 6.1371e+01  0.000e+00
      5.482    13.2121    29.7474   3.557900    306.471    80.4521     4.0190      7.928 6.1546e+01  0.000e+00
      5.497    13.2120    29.7477   3.557919    306.608    80.4252     4.0263      7.923 6.1546e+01  0.000e+00
      5.482    13.2123    29.7480   3.557981    306.441    80.4252     4.0190      7.928 6.1546e+01  0.000e+00
      5.497    13.2123    29.7479   3.557969    306.436    80.4252     4.0263      7.923 6.1546e+01  0.000e+00
      5.482    13.2123    29.7478   3.557963    306.418    80.4252     4.0190      7.928 6.1546e+01  0.000e+00
      5.496    13.2130    29.7473   3.557963    306.570    80.4252     4.0263      7.923 6.1546e+01  0.000e+00
      5.430    13.2128    29.7472   3.557938    306.396    80.4521     4.0190      7.928 6.1371e+01  0.000e+00
      5.496    13.2127    29.7470   3.557900    306.528    80.4252     4.0263      7.923 6.1371e+01  0.000e+00
      5.482    13.2128    29.7475   3.557969    306.353    80.4252     4.0190      7.928 6.1196e+01  0.000e+00
      5.496    13.2135    29.7473   3.558000    306.336    80.4252     4.0263      7.923 6.1196e+01  0.000e+00
      5.541    13.2130    29.7474   3.557969    306.314    80.4521     4.0190      7.928 6.1022e+01  0.000e+00
      5.445    13.2133    29.7473   3.557988    306.139    80.4252     4.0190      7.923 6.1022e+01  0.000e+00
      5.541    13.2130    29.7474   3.557969    306.263    80.4521     4.0849      7.928 6.0848e+01  0.000e+00
      5.445    13.2135    29.7472   3.557988    306.246    80.4252     4.2901      7.923 6.0848e+01  0.000e+00
      5.541    13.2132    29.7475   3.557994    306.242    80.4521     4.3560      7.928 6.0674e+01  0.000e+00
      5.445    13.2133    29.7478   3.558044    305.929    80.4252     4.3633      7.923 6.0674e+01  0.000e+00
      5.541    13.2133    29.7477   3.558031    306.057    80.2640     4.3487      7.928 6.0501e+01  0.000e+00
      5.445    13.2135    29.7475   3.558025    305.893    80.1565     4.3487      7.928 6.0501e+01  0.000e+00
      5.592    13.2136    29.7472   3.558006    306.028    80.1565     4.3487      7.928 6.0329e+01  0.000e+00
      5.482    13.2140    29.7468   3.557994    305.853    80.1297     4.3487      7.923 6.0329e+01  0.000e+00
      5.496    13.2138    29.7470   3.557994    306.144    80.1565     4.3487      7.928 6.0157e+01  0.000e+00
      5.540    13.2140    29.7470   3.558019    305.991    80.1565     4.3560      7.928 6.0157e+01  0.000e+00
      5.496    13.2142    29.7470   3.558025    306.124    80.1565     4.3487      7.928 6.0157e+01  0.000e+00
      5.482    13.2140    29.7471   3.558025    305.973    80.1565     4.3487      7.923 6.0157e+01  0.000e+00
      5.555    13.2135    29.7473   3.558006    305.974    80.1565     4.3487      7.928 5.9986e+01  0.000e+00
      5.482    13.2145    29.7467   3.558019    305.805    80.1565     4.3560      7.928 5.9986e+01  0.000e+00
      5.555    13.2140    29.7471   3.558025    305.809    80.1565     4.3560      7.923 5.9986e+01  0.000e+00
      5.481    13.2138    29.7470   3.558000    305.639    80.1297     4.3487      7.928 5.9986e+01  0.000e+00
      5.555    13.2142    29.7469   3.558019    305.788    80.1297     4.3487      7.923 5.9986e+01  0.000e+00
      5.540    13.2136    29.7472   3.558006    305.769    80.1565     4.3487      7.928 5.9815e+01  0.000e+00
      5.496    13.2140    29.7470   3.558019    305.918    80.1565     4.3487      7.923 5.9815e+01  0.000e+00
      5.540    13.2138    29.7472   3.558025    305.773    80.1565     4.3487      7.928 5.9815e+01  0.000e+00
      5.496    13.2133    29.7474   3.558000    305.944    80.1565     4.3487      7.923 5.9644e+01  0.000e+00
      5.540    13.2138    29.7469   3.557994    305.801    80.1565     4.3487      7.928 5.9815e+01  0.000e+00
      5.555    13.2135    29.7474   3.558019    305.976    80.1565     4.3487      7.923 5.9644e+01  0.000e+00
      5.481    13.2133    29.7476   3.558025    305.836    80.1565     4.3487      7.928 5.9474e+01  0.000e+00
      5.555    13.2132    29.7473   3.557975    305.848    80.3446     4.3487      7.923 5.9474e+01  0.000e+00
      5.540    13.2123    29.7471   3.557888    305.850    80.5865     4.3487      7.923 5.9474e+01  0.000e+00
      5.555    13.2118    29.7469   3.557819    305.865    80.6133     4.3340      7.923 5.9305e+01  0.000e+00
      5.540    13.2118    29.7467   3.557800    305.865    80.6133     3.9457      7.928 5.9305e+01  0.000e+00
      5.496    13.2121    29.7460   3.557756    306.021    80.5865     3.7260      7.923 5.9305e+01  0.000e+00
      5.540    13.2117    29.7460   3.557713    306.042    80.5865     3.6967      7.923 5.9136e+01  0.000e+00
      5.555    13.2113    29.7469   3.557781    306.073    80.5865     3.7186      7.923 5.9136e+01  0.000e+00
      5.540    13.2111    29.7472   3.557800    306.106    80.6133     3.7260      7.928 5.9136e+01  0.000e+00
      5.496    13.2118    29.7470   3.557825    306.134    80.5865     3.7260      7.923 5.9136e+01  0.000e+00
      5.540    13.2121    29.7467   3.557831    306.000    80.5865     3.7260      7.923 5.8967e+01  0.000e+00
      5.555    13.2125    29.7465   3.557831    306.009    80.5865     3.7260      7.923 5.8967e+01  0.000e+00
      5.540    13.2126    29.7459   3.557788    306.164    80.5865     3.7260      7.923 5.8967e+01  0.000e+00
      5.555    13.2118    29.7467   3.557794    306.037    80.5865     3.7260      7.923 5.8967e+01  0.000e+00
      5.540    13.2111    29.7468   3.557756    306.041    80.5865     3.7260      7.928 5.8967e+01  0.000e+00
      5.496    13.2105    29.7476   3.557781    305.901    80.5865     3.7260      7.923 5.8967e+01  0.000e+00
      5.540    13.2096    29.7482   3.557781    306.054    80.5865     3.7260      7.923 5.8967e+01  0.000e+00
      5.555    13.2093    29.7482   3.557744    305.905    80.5865     3.7260      7.923 5.8967e+01  0.000e+00
      5.540    13.2088    29.7485   3.557738    305.900    80.5865     3.7260      7.928 5.8967e+01  0.000e+00
      5.555    13.2093    29.7483   3.557763    305.750    80.5865     3.7260      7.923 5.8967e+01  0.000e+00
      5.540    13.2091    29.7484   3.557750    305.892    80.6133     3.7260      7.928 5.8967e+01  0.000e+00
      5.496    13.2089    29.7484   3.557744    305.904    80.8283     3.7260      7.923 5.8967e+01  0.000e+00
      5.540    13.2088    29.7487   3.557763    306.221    81.2582     3.7260      7.923 5.8967e+01  0.000e+00
