site/notebooks/data/aplsurp_cruises_cnvs_2024/20240719_CTD07_mb.cnv
* Sea-Bird SBE 9 Data File:
* FileName = C:\Data\RC0122ctd\20240719_CTD07_mb.hex
* Software Version Seasave V 7.26.7.107
* Temperature SN = 1121
* Conductivity SN = 2881
* Number of Bytes Per Scan = 31
* Number of Voltage Words = 4
* Number of Scans Averaged by the Deck Unit = 1
* NMEA Latitude = 47 42.79 N
* NMEA Longitude = 122 25.35 W
* NMEA UTC (Time) = Jul 19 2024  16:35:05
* NMEA baud rate = 4800
** Ship: R/V Rachel Carson
** Cruise ID: RC0122
** Tech: Jalickee
** Chief Scientist: Boyar
** Station: nb
** Cast:  07
** off meadow brook
# nquan = 10
# nvalues = 25723                                 
# units = specified
# name 0 = depSM: Depth [salt water, m]
# name 1 = t090C: Temperature [ITS-90, deg C]
# name 2 = sal00: Salinity, Practical [PSU]
# name 3 = c0S/m: Conductivity [S/m]
# name 4 = sbox0Mm/Kg: Oxygen, SBE 43 [umol/kg]
# name 5 = CStarTr0: Beam Transmission, WET Labs C-Star [%]
# name 6 = flECO-AFL: Fluorescence, WET Labs ECO-AFL/FL [mg/m^3]
# name 7 = ph: pH
# name 8 = par: PAR/Irradiance, Biospherical/Licor
# name 9 = flag:  0.000e+00
# span 0 =      0.507,    185.956                 
# span 1 =    11.2099,    15.9344                 
# span 2 =    29.1613,    30.6853                 
# span 3 =   3.442900,   3.726548                 
# span 4 =    183.280,    410.957                 
# span 5 =    63.9802,    93.7802                 
# span 6 =     0.0776,     9.2058                 
# span 7 =      7.524,      8.233                 
# span 8 = 1.0000e-12, 4.1182e+03                 
# span 9 = 0.0000e+00, 0.0000e+00                 
# interval = seconds: 0.0416667
# start_time = Jul 19 2024 16:35:05 [NMEA time, header]
# bad_flag = -9.990e-29
*END*
[from data line 9946]
    134.269    11.3145    30.5272   3.484718    193.839    90.7437     0.1289      7.558 1.0000e-12  0.000e+00
    134.320    11.3145    30.5274   3.484743    193.842    90.7169     0.1289      7.558 1.0000e-12  0.000e+00
    134.372    11.3150    30.5263   3.484668    193.694    90.7169     0.1362      7.558 1.0000e-12  0.000e+00
    134.372    11.3145    30.5266   3.484656    193.698    90.7169     0.1362      7.558 1.0000e-12  0.000e+00
    134.431    11.3143    30.5271   3.484693    193.717    90.7169     0.1362      7.553 1.0000e-12  0.000e+00
    134.431    11.3142    30.5277   3.484743    193.886    90.7169     0.1289      7.558 1.0000e-12  0.000e+00
    134.431    11.3143    30.5271   3.484693    193.737    90.7169     0.1289      7.558 1.0000e-12  0.000e+00
    134.483    11.3145    30.5275   3.484755    193.739    90.7169     0.1362      7.558 1.0000e-12  0.000e+00
    134.483    11.3148    30.5270   3.484736    193.907    90.7169     0.1362      7.553 1.0000e-12  0.000e+00
    134.534    11.3148    30.5272   3.484755    194.092    90.7169     0.1289      7.558 1.0000e-12  0.000e+00
    134.483    11.3143    30.5272   3.484712    193.790    90.7169     0.1289      7.558 1.0000e-12  0.000e+00
    134.645    11.3148    30.5269   3.484724    193.793    90.7169     0.1362      7.562 1.0000e-12  0.000e+00
    134.593    11.3145    30.5267   3.484681    193.960    90.7169     0.1362      7.553 1.0000e-12  0.000e+00
    134.645    11.3148    30.5268   3.484718    193.974    90.6900     0.1362      7.553 1.0000e-12  0.000e+00
    134.645    11.3142    30.5270   3.484681    193.975    90.5019     0.1509      7.558 1.0000e-12  0.000e+00
    134.704    11.3147    30.5264   3.484668    193.972    90.3944     0.1509      7.558 1.0000e-12  0.000e+00
    134.704    11.3142    30.5273   3.484712    194.135    90.3675     0.1582      7.558 1.0000e-12  0.000e+00
    134.756    11.3147    30.5275   3.484780    194.159    90.4213     0.1582      7.553 1.0000e-12  0.000e+00
    134.645    11.3150    30.5273   3.484786    194.179    90.3944     0.1509      7.558 1.0000e-12  0.000e+00
    134.866    11.3143    30.5281   3.484817    194.043    90.3944     0.1509      7.558 1.0000e-12  0.000e+00
    134.807    11.3147    30.5286   3.484892    193.863    90.3944     0.1582      7.558 1.0000e-12  0.000e+00
    134.807    11.3147    30.5293   3.484972    194.002    90.3944     0.1582      7.553 1.0000e-12  0.000e+00
    134.866    11.3152    30.5290   3.484978    193.840    90.4213     0.1509      7.558 1.0000e-12  0.000e+00
    134.866    11.3153    30.5283   3.484929    193.829    90.3944     0.1509      7.558 1.0000e-12  0.000e+00
    134.918    11.3152    30.5282   3.484898    193.804    90.3944     0.1582      7.558 1.0000e-12  0.000e+00
    134.918    11.3153    30.5284   3.484935    193.775    90.3944     0.1582      7.553 1.0000e-12  0.000e+00
    134.918    11.3153    30.5290   3.485003    193.579    90.3944     0.1509      7.558 1.0000e-12  0.000e+00
    134.970    11.3150    30.5294   3.485009    193.704    90.4213     0.1509      7.558 1.0000e-12  0.000e+00
    135.029    11.3150    30.5294   3.485016    193.676    90.3944     0.1582      7.558 1.0000e-12  0.000e+00
    135.029    11.3152    30.5294   3.485034    193.828    90.3944     0.1582      7.558 1.0000e-12  0.000e+00
    135.029    11.3155    30.5291   3.485022    193.829    90.3944     0.1509      7.558 1.0000e-12  0.000e+00
    135.080    11.3148    30.5295   3.485009    193.683    90.3944     0.1509      7.558 1.0000e-12  0.000e+00
    135.080    11.3153    30.5296   3.485065    193.833    90.3944     0.1509      7.558 1.0000e-12  0.000e+00
    135.139    11.3153    30.5294   3.485047    193.819    90.3944     0.1582      7.553 1.0000e-12  0.000e+00
    135.139    11.3150    30.5294   3.485022    193.803    90.3407     0.1582      7.558 1.0000e-12  0.000e+00
    135.191    11.3152    30.5289   3.484985    193.636    90.3138     0.1509      7.558 1.0000e-12  0.000e+00
    135.191    11.3148    30.5291   3.484978    193.620    90.3138     0.1509      7.558 1.0000e-12  0.000e+00
    135.243    11.3153    30.5285   3.484960    193.769    90.3138     0.1509      7.558 1.0000e-12  0.000e+00
    135.243    11.3150    30.5284   3.484923    193.768    90.2869     0.1582      7.553 1.0000e-12  0.000e+00
    135.243    11.3152    30.5283   3.484923    193.780    90.3138     0.1509      7.558 1.0000e-12  0.000e+00
    135.302    11.3153    30.5280   3.484917    193.628    90.3138     0.1435      7.558 1.0000e-12  0.000e+00
    135.294    11.3152    30.5282   3.484923    193.610    90.3138     0.1435      7.558 1.0000e-12  0.000e+00
    135.353    11.3150    30.5288   3.484966    193.760    90.3138     0.1435      7.558 1.0000e-12  0.000e+00
    135.353    11.3150    30.5287   3.484960    193.773    90.3138     0.1435      7.558 1.0000e-12  0.000e+00
    135.405    11.3150    30.5288   3.484972    193.787    90.3138     0.1362      7.558 1.0000e-12  0.000e+00
    135.405    11.3150    30.5294   3.485034    193.616    90.3138     0.1362      7.558 1.0000e-12  0.000e+00
    135.464    11.3152    30.5291   3.485016    193.599    90.2869     0.1435      7.558 1.0000e-12  0.000e+00
    135.464    11.3153    30.5292   3.485041    193.746    90.2869     0.1435      7.558 1.0000e-12  0.000e+00
    135.516    11.3152    30.5291   3.485016    193.760    90.3138     0.1362      7.558 1.0000e-12  0.000e+00
    135.516    11.3152    30.5286   3.484972    193.773    90.3138     0.1362      7.558 1.0000e-12  0.000e+00
    135.516    11.3150    30.5285   3.484948    193.786    90.3138     0.1435      7.558 1.0000e-12  0.000e+00
    135.567    11.3150    30.5283   3.484923    193.784    90.2869     0.1435      7.558 1.0000e-12  0.000e+00
    135.627    11.3150    30.5280   3.484898    193.781    90.3138     0.1362      7.558 1.0000e-12  0.000e+00
    135.567    11.3147    30.5280   3.484861    193.609    90.3138     0.1362      7.558 1.0000e-12  0.000e+00
    135.627    11.3147    30.5276   3.484830    193.607    89.7495     0.1435      7.558 1.0000e-12  0.000e+00
    135.678    11.3148    30.5276   3.484842    193.754    89.1852     0.1435      7.553 1.0000e-12  0.000e+00
    135.737    11.3152    30.5277   3.484886    193.749    89.0777     0.1362      7.558 1.0000e-12  0.000e+00
    135.678    11.3147    30.5284   3.484910    193.759    89.1046     0.1362      7.558 1.0000e-12  0.000e+00
    135.730    11.3150    30.5282   3.484923    193.785    89.1315     0.1435      7.562 1.0000e-12  0.000e+00
    135.789    11.3147    30.5286   3.484942    193.783    89.1315     0.1435      7.558 1.0000e-12  0.000e+00
    135.789    11.3148    30.5284   3.484929    193.943    89.1315     0.1362      7.558 1.0000e-12  0.000e+00
    135.789    11.3148    30.5283   3.484917    193.801    89.1315     0.1362      7.558 1.0000e-12  0.000e+00
    135.841    11.3153    30.5281   3.484948    193.810    89.1315     0.1435      7.558 1.0000e-12  0.000e+00
    135.841    11.3147    30.5294   3.485016    193.987    89.1315     0.1435      7.558 1.0000e-12  0.000e+00
    135.892    11.3150    30.5297   3.485084    194.010    89.1315     0.1362      7.558 1.0000e-12  0.000e+00
    135.900    11.3152    30.5301   3.485134    193.882    89.1315     0.1362      7.558 1.0000e-12  0.000e+00
    135.951    11.3153    30.5299   3.485134    193.907    89.1046     0.1509      7.558 1.0000e-12  0.000e+00
    135.951    11.3155    30.5298   3.485140    193.932    89.1046     0.1509      7.558 1.0000e-12  0.000e+00
    136.003    11.3152    30.5294   3.485066    194.112    89.1315     0.1509      7.558 1.0000e-12  0.000e+00
    136.003    11.3156    30.5284   3.485004    194.120    89.1315     0.1509      7.558 1.0000e-12  0.000e+00
    136.003    11.3152    30.5287   3.485004    194.144    89.1315     0.1435      7.558 1.0000e-12  0.000e+00
    136.062    11.3153    30.5287   3.485016    193.985    89.1046     0.1509      7.558 1.0000e-12  0.000e+00
    136.062    11.3150    30.5294   3.485059    193.976    89.1315     0.1509      7.558 1.0000e-12  0.000e+00
    136.114    11.3152    30.5297   3.485103    194.132    89.1315     0.1509      7.558 1.0000e-12  0.000e+00
    136.114    11.3148    30.5297   3.485078    193.971    89.5077     0.1435      7.558 1.0000e-12  0.000e+00
    136.114    11.3153    30.5293   3.485078    193.941    90.2332     0.1509      7.562 1.0000e-12  0.000e+00
    136.173    11.3153    30.5297   3.485121    194.095    90.4482     0.1509      7.558 1.0000e-12  0.000e+00
    136.224    11.3153    30.5302   3.485177    194.096    90.4482     0.1435      7.558 1.0000e-12  0.000e+00
    136.224    11.3155    30.5303   3.485202    194.111    90.4213     0.1435      7.558 1.0000e-12  0.000e+00
    136.224    11.3150    30.5304   3.485171    193.961    90.3944     0.1509      7.558 1.0000e-12  0.000e+00
    136.276    11.3153    30.5299   3.485146    194.111    90.3944     0.1509      7.558 1.0000e-12  0.000e+00
    136.328    11.3150    30.5303   3.485159    194.294    90.4213     0.1509      7.553 1.0000e-12  0.000e+00
    136.276    11.3152    30.5303   3.485171    194.153    90.4213     0.1435      7.558 1.0000e-12  0.000e+00
    136.328    11.3155    30.5306   3.485233    194.164    90.3944     0.1509      7.558 1.0000e-12  0.000e+00
    136.387    11.3153    30.5310   3.485264    194.161    90.3944     0.1509      7.558 1.0000e-12  0.000e+00
    136.387    11.3155    30.5311   3.485283    194.153    90.3944     0.1509      7.558 1.0000e-12  0.000e+00
    136.438    11.3153    30.5313   3.485295    194.330    90.4213     0.1509      7.558 1.0000e-12  0.000e+00
    136.387    11.3153    30.5312   3.485289    194.185    90.3944     0.1435      7.558 1.0000e-12  0.000e+00
    136.497    11.3158    30.5308   3.485289    194.193    90.3944     0.1509      7.558 1.0000e-12  0.000e+00
    136.490    11.3156    30.5312   3.485320    194.182    90.4213     0.1509      7.558 1.0000e-12  0.000e+00
    136.497    11.3155    30.5314   3.485320    194.171    90.4213     0.1509      7.558 1.0000e-12  0.000e+00
    136.549    11.3155    30.5314   3.485326    194.009    90.4213     0.1435      7.558 1.0000e-12  0.000e+00
    136.549    11.3156    30.5315   3.485345    193.996    90.3944     0.1509      7.558 1.0000e-12  0.000e+00
    136.549    11.3155    30.5315   3.485332    194.151    90.3944     0.1435      7.558 1.0000e-12  0.000e+00
    136.601    11.3156    30.5314   3.485345    194.138    90.3675     0.1362      7.558 1.0000e-12  0.000e+00
    136.660    11.3156    30.5313   3.485332    194.125    90.1257     0.1362      7.558 1.0000e-12  0.000e+00
    136.660    11.3153    30.5317   3.485345    194.292    90.0182     0.1435      7.558 1.0000e-12  0.000e+00
    136.660    11.3155    30.5312   3.485314    194.307    90.0182     0.1435      7.558 1.0000e-12  0.000e+00
    136.711    11.3156    30.5308   3.485289    194.154    90.0451     0.1362      7.558 1.0000e-12  0.000e+00
    136.711    11.3153    30.5313   3.485308    194.151    90.0182     0.1362      7.558 1.0000e-12  0.000e+00
    136.763    11.3155    30.5311   3.485301    194.149    90.0451     0.1435      7.558 1.0000e-12  0.000e+00
    136.711    11.3153    30.5316   3.485339    194.143    90.0451     0.1435      7.558 1.0000e-12  0.000e+00
    136.822    11.3155    30.5314   3.485332    194.124    90.0451     0.1362      7.558 1.0000e-12  0.000e+00
    136.822    11.3153    30.5318   3.485370    194.101    90.0451     0.1362      7.558 1.0000e-12  0.000e+00
    136.822    11.3160    30.5312   3.485363    194.091    90.0182     0.1435      7.558 1.0000e-12  0.000e+00
    136.874    11.3153    30.5316   3.485351    194.253    90.0451     0.1435      7.558 1.0000e-12  0.000e+00
    136.874    11.3158    30.5313   3.485357    194.257    90.0451     0.1362      7.558 1.0000e-12  0.000e+00
    136.933    11.3153    30.5319   3.485376    194.098    90.0451     0.1362      7.558 1.0000e-12  0.000e+00
    136.925    11.3160    30.5315   3.485394    194.084    90.0182     0.1435      7.558 1.0000e-12  0.000e+00
    136.985    11.3158    30.5313   3.485363    194.090    90.0182     0.1435      7.558 1.0000e-12  0.000e+00
    136.985    11.3155    30.5312   3.485326    194.079    90.0451     0.1362      7.553 1.0000e-12  0.000e+00
    136.985    11.3156    30.5313   3.485351    194.065    90.0451     0.1362      7.558 1.0000e-12  0.000e+00
    137.036    11.3155    30.5315   3.485351    194.070    90.0182     0.1435      7.558 1.0000e-12  0.000e+00
    137.088    11.3158    30.5312   3.485357    194.239    90.0182     0.1435      7.558 1.0000e-12  0.000e+00
    137.036    11.3153    30.5318   3.485376    194.241    90.0451     0.1435      7.558 1.0000e-12  0.000e+00
    137.147    11.3156    30.5314   3.485364    194.076    90.0720     0.1362      7.558 1.0000e-12  0.000e+00
    137.088    11.3156    30.5315   3.485376    193.891    90.0720     0.1435      7.558 1.0000e-12  0.000e+00
    137.147    11.3156    30.5317   3.485395    193.877    90.0720     0.1435      7.558 1.0000e-12  0.000e+00
    137.199    11.3155    30.5319   3.485407    193.864    90.0720     0.1362      7.553 1.0000e-12  0.000e+00
    137.206    11.3153    30.5319   3.485388    193.850    90.0988     0.1362      7.558 1.0000e-12  0.000e+00
    137.258    11.3158    30.5315   3.485395    193.987    90.0988     0.1362      7.558 1.0000e-12  0.000e+00
    137.258    11.3156    30.5318   3.485407    194.139    90.0720     0.1435      7.558 1.0000e-12  0.000e+00
    137.258    11.3156    30.5317   3.485401    194.155    90.0720     0.1435      7.558 1.0000e-12  0.000e+00
    137.309    11.3158    30.5316   3.485407    194.154    90.0988     0.1362      7.558 1.0000e-12  0.000e+00
    137.309    11.3156    30.5319   3.485426    193.985    90.0720     0.1362      7.558 1.0000e-12  0.000e+00
    137.368    11.3158    30.5319   3.485438    193.983    90.0720     0.1435      7.558 1.0000e-12  0.000e+00
    137.420    11.3158    30.5321   3.485457    193.982    90.0988     0.1435      7.558 1.0000e-12  0.000e+00
    137.368    11.3160    30.5318   3.485444    193.978    90.0988     0.1362      7.558 1.0000e-12  0.000e+00
    137.472    11.3156    30.5322   3.485457    193.962    90.0988     0.1362      7.558 1.0000e-12  0.000e+00
    137.420    11.3155    30.5320   3.485426    193.959    90.0720     0.1435      7.558 1.0000e-12  0.000e+00
    137.472    11.3158    30.5318   3.485432    193.972    90.0988     0.1435      7.558 1.0000e-12  0.000e+00
    137.523    11.3160    30.5319   3.485457    194.136    90.0720     0.1362      7.558 1.0000e-12  0.000e+00
    137.531    11.3160    30.5318   3.485444    193.982    90.0988     0.1362      7.558 1.0000e-12  0.000e+00
    137.582    11.3161    30.5315   3.485432    193.980    90.0720     0.1435      7.558 1.0000e-12  0.000e+00
    137.582    11.3155    30.5321   3.485438    193.979    90.0720     0.1435      7.558 1.0000e-12  0.000e+00
    137.582    11.3160    30.5316   3.485432    194.157    90.0182     0.1362      7.558 1.0000e-12  0.000e+00
    137.634    11.3156    30.5319   3.485438    193.838    89.9645     0.1362      7.558 1.0000e-12  0.000e+00
    137.693    11.3160    30.5316   3.485432    193.987    89.9376     0.1435      7.558 1.0000e-12  0.000e+00
    137.693    11.3155    30.5318   3.485413    193.986    89.9376     0.1435      7.558 1.0000e-12  0.000e+00
    137.686    11.3160    30.5314   3.485413    194.149    89.9645     0.1362      7.558 1.0000e-12  0.000e+00
    137.745    11.3156    30.5318   3.485426    193.981    89.9645     0.1362      7.558 1.0000e-12  0.000e+00
    137.745    11.3160    30.5312   3.485395    193.793    89.9376     0.1435      7.558 1.0000e-12  0.000e+00
    137.804    11.3158    30.5315   3.485420    193.942    89.9376     0.1435      7.558 1.0000e-12  0.000e+00
    137.804    11.3160    30.5313   3.485413    193.938    89.9376     0.1362      7.558 1.0000e-12  0.000e+00
