site/notebooks/data/aplsurp_cruises_cnvs_2024/20240716_CTD02_p29.cnv
* Sea-Bird SBE 9 Data File:
* FileName = C:\Data\RC0122ctd\20240716_CTD02_p29.hex
* Software Version Seasave V 7.26.7.107
* Temperature SN = 1121
* Conductivity SN = 2881
* Number of Bytes Per Scan = 31
* Number of Voltage Words = 4
* Number of Scans Averaged by the Deck Unit = 1
* NMEA Latitude = 47 33.42 N
* NMEA Longitude = 122 28.60 W
* NMEA UTC (Time) = Jul 16 2024  18:32:46
* NMEA baud rate = 4800
** Ship: R/V Rachel Carson
** Cruise ID: RC0121
** Tech: Jalickee
** Chief Scientist: Boyar
** Station: p29
** Cast:  02
# nquan = 10
# nvalues = 16565                                 
# units = specified
# name 0 = depSM: Depth [salt water, m]
# name 1 = t090C: Temperature [ITS-90, deg C]
# name 2 = sal00: Salinity, Practical [PSU]
# name 3 = c0S/m: Conductivity [S/m]
# name 4 = sbox0Mm/Kg: Oxygen, SBE 43 [umol/kg]
# name 5 = CStarTr0: Beam Transmission, WET Labs C-Star [%]
# name 6 = flECO-AFL: Fluorescence, WET Labs ECO-AFL/FL [mg/m^3]
# name 7 = ph: pH
# name 8 = par: PAR/Irradiance, Biospherical/Licor
# name 9 = flag:  0.000e+00
# span 0 =      0.729,    115.988                 
# span 1 =    11.0925,    16.3236                 
# span 2 =    29.2642,    30.5157                 
# span 3 =   3.431759,   3.769323                 
# span 4 =    188.711,    429.783                 
# span 5 =    64.9744,    92.5441                 
# span 6 =     0.1069,     6.0190                 
# span 7 =      7.596,      8.335                 
# span 8 = 1.0000e-12, 4.0722e+03                 
# span 9 = 0.0000e+00, 0.0000e+00                 
# interval = seconds: 0.0416667
# start_time = Jul 16 2024 18:32:46 [NMEA time, header]
# bad_flag = -9.990e-29
*END*
[from data line 10235]
     82.369    11.1617    30.3985   3.456430    192.169    90.0988     0.1435      7.615 1.0000e-12  0.000e+00
     82.317    11.1615    30.3978   3.456343    192.351    90.1257     0.1362      7.615 1.0000e-12  0.000e+00
     82.266    11.1612    30.3971   3.456244    192.205    90.0988     0.1362      7.615 1.0000e-12  0.000e+00
     82.266    11.1602    30.3976   3.456207    192.049    90.0988     0.1435      7.615 1.0000e-12  0.000e+00
     82.155    11.1602    30.3976   3.456207    192.223    90.0451     0.1435      7.615 1.0000e-12  0.000e+00
     82.244    11.1597    30.3984   3.456250    192.256    90.0182     0.1435      7.615 1.0000e-12  0.000e+00
     82.104    11.1601    30.3984   3.456269    192.286    90.0182     0.1362      7.615 1.0000e-12  0.000e+00
     82.155    11.1601    30.3980   3.456232    192.143    90.0182     0.1362      7.615 1.0000e-12  0.000e+00
     82.045    11.1594    30.3979   3.456164    192.154    89.9913     0.1435      7.615 1.0000e-12  0.000e+00
     82.045    11.1597    30.3974   3.456145    192.333    89.9913     0.1435      7.610 1.0000e-12  0.000e+00
     82.030    11.1589    30.3976   3.456090    192.369    90.0182     0.1435      7.610 1.0000e-12  0.000e+00
     81.993    11.1587    30.3975   3.456065    192.223    90.0182     0.1362      7.615 1.0000e-12  0.000e+00
     81.941    11.1586    30.3975   3.456046    192.214    90.0182     0.1362      7.615 1.0000e-12  0.000e+00
     81.941    11.1586    30.3979   3.456090    192.224    89.9913     0.1435      7.615 1.0000e-12  0.000e+00
     81.882    11.1587    30.3975   3.456059    192.402    90.0182     0.1435      7.615 1.0000e-12  0.000e+00
     81.882    11.1586    30.3975   3.456046    192.434    90.0182     0.1362      7.615 1.0000e-12  0.000e+00
     81.808    11.1582    30.3970   3.455966    192.469    90.0182     0.1362      7.615 1.0000e-12  0.000e+00
     81.772    11.1584    30.3958   3.455855    192.505    89.9913     0.1362      7.615 1.0000e-12  0.000e+00
     81.772    11.1579    30.3953   3.455756    192.365    89.9913     0.1362      7.615 1.0000e-12  0.000e+00
     81.772    11.1576    30.3945   3.455645    192.544    89.9913     0.1435      7.615 1.0000e-12  0.000e+00
     81.720    11.1569    30.3944   3.455577    192.558    90.0182     0.1435      7.610 1.0000e-12  0.000e+00
     81.668    11.1569    30.3946   3.455601    192.751    90.0182     0.1362      7.615 1.0000e-12  0.000e+00
     81.646    11.1564    30.3949   3.455589    192.632    89.9913     0.1362      7.615 1.0000e-12  0.000e+00
     81.609    11.1561    30.3947   3.455533    192.665    89.9913     0.1435      7.615 1.0000e-12  0.000e+00
     81.609    11.1561    30.3948   3.455552    192.881    90.0720     0.1435      7.615 1.0000e-12  0.000e+00
     81.506    11.1559    30.3950   3.455552    192.931    90.2332     0.1509      7.615 1.0000e-12  0.000e+00
     81.558    11.1561    30.3946   3.455527    192.819    90.2601     0.1362      7.615 1.0000e-12  0.000e+00
     81.506    11.1556    30.3945   3.455472    192.843    90.2601     0.1509      7.615 1.0000e-12  0.000e+00
     81.447    11.1556    30.3946   3.455478    192.866    90.2601     0.1582      7.615 1.0000e-12  0.000e+00
     81.432    11.1554    30.3945   3.455453    192.892    90.2332     0.1582      7.615 1.0000e-12  0.000e+00
     81.395    11.1551    30.3943   3.455404    192.920    90.2601     0.1509      7.615 1.0000e-12  0.000e+00
     81.344    11.1549    30.3944   3.455397    192.931    90.2601     0.1509      7.615 1.0000e-12  0.000e+00
     81.344    11.1546    30.3947   3.455397    192.929    90.2332     0.1582      7.615 1.0000e-12  0.000e+00
     81.285    11.1551    30.3941   3.455379    192.923    90.2601     0.1582      7.615 1.0000e-12  0.000e+00
     81.285    11.1551    30.3942   3.455391    192.920    90.2601     0.1582      7.615 1.0000e-12  0.000e+00
     81.270    11.1551    30.3943   3.455397    192.948    90.2601     0.1509      7.615 1.0000e-12  0.000e+00
     81.174    11.1549    30.3942   3.455373    192.811    90.2601     0.1509      7.615 1.0000e-12  0.000e+00
     81.233    11.1549    30.3942   3.455373    192.813    90.2601     0.1582      7.615 1.0000e-12  0.000e+00
     81.122    11.1549    30.3944   3.455391    192.962    90.2332     0.1582      7.615 1.0000e-12  0.000e+00
     81.122    11.1547    30.3946   3.455397    192.948    90.2601     0.1582      7.610 1.0000e-12  0.000e+00
     81.122    11.1549    30.3945   3.455397    193.114    90.2601     0.1509      7.615 1.0000e-12  0.000e+00
     81.071    11.1551    30.3944   3.455403    192.977    90.2332     0.1509      7.615 1.0000e-12  0.000e+00
     80.997    11.1549    30.3943   3.455373    192.977    90.2332     0.1582      7.615 1.0000e-12  0.000e+00
     80.960    11.1557    30.3938   3.455385    192.974    90.2332     0.1582      7.610 1.0000e-12  0.000e+00
     81.012    11.1551    30.3942   3.455373    192.978    90.2869     0.1509      7.615 1.0000e-12  0.000e+00
     80.908    11.1553    30.3941   3.455372    192.992    90.3944     0.1509      7.615 1.0000e-12  0.000e+00
     80.960    11.1551    30.3944   3.455391    193.011    90.4213     0.1509      7.615 1.0000e-12  0.000e+00
     80.849    11.1553    30.3943   3.455397    193.026    90.4213     0.1582      7.615 1.0000e-12  0.000e+00
     80.798    11.1554    30.3944   3.455416    193.026    90.4213     0.1582      7.615 1.0000e-12  0.000e+00
     80.835    11.1554    30.3941   3.455391    193.030    90.4213     0.1509      7.615 1.0000e-12  0.000e+00
     80.798    11.1549    30.3941   3.455342    192.884    90.4482     0.1509      7.615 1.0000e-12  0.000e+00
     80.746    11.1549    30.3942   3.455354    192.871    90.4213     0.1582      7.615 1.0000e-12  0.000e+00
     80.687    11.1553    30.3934   3.455292    193.008    90.3944     0.1582      7.610 1.0000e-12  0.000e+00
     80.687    11.1553    30.3934   3.455292    193.012    90.4213     0.1509      7.615 1.0000e-12  0.000e+00
     80.687    11.1551    30.3934   3.455286    193.016    90.4213     0.1362      7.615 1.0000e-12  0.000e+00
     80.576    11.1547    30.3932   3.455230    192.853    90.4213     0.1362      7.615 1.0000e-12  0.000e+00
     80.562    11.1549    30.3929   3.455212    192.825    90.3944     0.1435      7.615 1.0000e-12  0.000e+00
     80.576    11.1546    30.3932   3.455212    192.966    90.4213     0.1435      7.610 1.0000e-12  0.000e+00
     80.525    11.1542    30.3933   3.455193    192.804    90.4213     0.1509      7.610 1.0000e-12  0.000e+00
     80.473    11.1546    30.3932   3.455206    192.624    90.4213     0.1362      7.615 1.0000e-12  0.000e+00
     80.473    11.1544    30.3935   3.455230    192.583    90.3944     0.1362      7.615 1.0000e-12  0.000e+00
     80.414    11.1542    30.3938   3.455243    192.541    90.4213     0.1435      7.610 1.0000e-12  0.000e+00
     80.414    11.1544    30.3937   3.455249    192.501    90.3944     0.1435      7.610 1.0000e-12  0.000e+00
     80.348    11.1546    30.3936   3.455243    192.641    90.4213     0.1435      7.610 1.0000e-12  0.000e+00
     80.311    11.1547    30.3934   3.455243    192.633    90.4482     0.1362      7.615 1.0000e-12  0.000e+00
     80.311    11.1542    30.3931   3.455168    192.629    90.5019     0.1435      7.615 1.0000e-12  0.000e+00
     80.311    11.1546    30.3925   3.455131    192.623    90.5556     0.1435      7.615 1.0000e-12  0.000e+00
     80.252    11.1544    30.3923   3.455094    192.601    90.5556     0.1435      7.610 1.0000e-12  0.000e+00
     80.148    11.1539    30.3924   3.455063    192.761    90.5556     0.1362      7.615 1.0000e-12  0.000e+00
     80.200    11.1536    30.3922   3.455008    192.608    90.5556     0.1362      7.615 1.0000e-12  0.000e+00
     80.148    11.1538    30.3922   3.455020    192.452    90.5556     0.1362      7.615 1.0000e-12  0.000e+00
     80.126    11.1536    30.3924   3.455026    192.600    90.5556     0.1435      7.615 1.0000e-12  0.000e+00
     80.038    11.1538    30.3920   3.455001    192.596    90.5556     0.1435      7.610 1.0000e-12  0.000e+00
     80.038    11.1536    30.3923   3.455014    192.445    90.5556     0.1362      7.615 1.0000e-12  0.000e+00
     79.986    11.1536    30.3922   3.455008    192.445    90.5556     0.1362      7.615 1.0000e-12  0.000e+00
     80.038    11.1534    30.3927   3.455039    192.433    90.5556     0.1435      7.610 1.0000e-12  0.000e+00
     79.875    11.1531    30.3932   3.455057    192.584    90.5288     0.1435      7.610 1.0000e-12  0.000e+00
     79.927    11.1536    30.3927   3.455057    192.423    90.5556     0.1435      7.615 1.0000e-12  0.000e+00
     79.875    11.1534    30.3925   3.455014    192.413    90.5556     0.1362      7.615 1.0000e-12  0.000e+00
     79.861    11.1534    30.3918   3.454946    192.405    90.5556     0.1435      7.615 1.0000e-12  0.000e+00
     79.765    11.1529    30.3912   3.454835    192.398    90.5288     0.1435      7.615 1.0000e-12  0.000e+00
     79.765    11.1534    30.3907   3.454822    192.557    90.5556     0.1435      7.610 1.0000e-12  0.000e+00
     79.765    11.1529    30.3901   3.454723    192.404    90.5825     0.1362      7.615 1.0000e-12  0.000e+00
     79.713    11.1526    30.3896   3.454637    192.401    90.5556     0.1362      7.615 1.0000e-12  0.000e+00
     79.654    11.1523    30.3885   3.454501    192.400    90.5288     0.1435      7.615 1.0000e-12  0.000e+00
     79.654    11.1516    30.3876   3.454346    192.387    90.5825     0.1435      7.610 1.0000e-12  0.000e+00
     79.602    11.1506    30.3874   3.454241    192.539    90.6362     0.1362      7.615 1.0000e-12  0.000e+00
     79.588    11.1498    30.3872   3.454149    192.558    90.6362     0.1362      7.615 1.0000e-12  0.000e+00
     79.551    11.1491    30.3868   3.454050    192.409    90.6362     0.1435      7.615 1.0000e-12  0.000e+00
     79.492    11.1494    30.3859   3.453988    192.425    90.6094     0.1435      7.610 1.0000e-12  0.000e+00
     79.492    11.1478    30.3869   3.453945    192.434    90.6362     0.1509      7.610 1.0000e-12  0.000e+00
     79.440    11.1479    30.3871   3.453982    192.436    90.6362     0.1362      7.615 1.0000e-12  0.000e+00
     79.440    11.1479    30.3877   3.454044    192.441    90.6362     0.1362      7.615 1.0000e-12  0.000e+00
     79.389    11.1476    30.3884   3.454087    192.448    90.6362     0.1435      7.615 1.0000e-12  0.000e+00
     79.330    11.1479    30.3886   3.454136    192.453    90.6094     0.1435      7.615 1.0000e-12  0.000e+00
     79.330    11.1483    30.3888   3.454173    192.627    90.6362     0.1362      7.615 1.0000e-12  0.000e+00
     79.263    11.1479    30.3889   3.454161    192.486    90.6362     0.1362      7.615 1.0000e-12  0.000e+00
     79.278    11.1485    30.3871   3.454019    192.665    90.6362     0.1435      7.615 1.0000e-12  0.000e+00
     79.219    11.1478    30.3870   3.453945    192.694    90.6362     0.1435      7.610 1.0000e-12  0.000e+00
     79.167    11.1476    30.3868   3.453914    192.706    90.6362     0.1435      7.610 1.0000e-12  0.000e+00
     79.167    11.1471    30.3872   3.453908    192.720    90.6362     0.1362      7.615 1.0000e-12  0.000e+00
     79.116    11.1468    30.3872   3.453883    192.748    90.6362     0.1362      7.615 1.0000e-12  0.000e+00
     79.116    11.1468    30.3867   3.453827    192.612    90.6094     0.1435      7.610 1.0000e-12  0.000e+00
     79.057    11.1463    30.3865   3.453766    192.794    90.6094     0.1435      7.610 1.0000e-12  0.000e+00
     79.057    11.1463    30.3860   3.453710    192.643    90.6362     0.1362      7.615 1.0000e-12  0.000e+00
     79.005    11.1461    30.3859   3.453691    192.809    90.7169     0.1362      7.615 1.0000e-12  0.000e+00
     78.938    11.1452    30.3864   3.453667    192.842    90.8243     0.1362      7.615 1.0000e-12  0.000e+00
     78.953    11.1455    30.3862   3.453661    192.858    90.8512     0.1362      7.610 1.0000e-12  0.000e+00
     78.953    11.1455    30.3862   3.453661    192.858    90.8512     0.1289      7.610 1.0000e-12  0.000e+00
     78.843    11.1451    30.3867   3.453679    192.855    90.8243     0.1289      7.615 1.0000e-12  0.000e+00
     78.843    11.1451    30.3866   3.453667    192.688    90.8243     0.1362      7.615 1.0000e-12  0.000e+00
     78.843    11.1451    30.3856   3.453568    192.838    90.8243     0.1362      7.610 1.0000e-12  0.000e+00
     78.791    11.1456    30.3853   3.453580    192.849    90.8512     0.1289      7.615 1.0000e-12  0.000e+00
     78.732    11.1450    30.3854   3.453525    192.699    90.8512     0.1289      7.615 1.0000e-12  0.000e+00
     78.732    11.1444    30.3851   3.453457    192.701    90.8243     0.1362      7.610 1.0000e-12  0.000e+00
     78.732    11.1446    30.3843   3.453389    192.701    90.8243     0.1362      7.610 1.0000e-12  0.000e+00
     78.665    11.1443    30.3847   3.453395    192.701    90.8512     0.1289      7.610 1.0000e-12  0.000e+00
     78.621    11.1443    30.3846   3.453383    192.717    90.8512     0.1289      7.615 1.0000e-12  0.000e+00
     78.621    11.1440    30.3832   3.453216    192.889    90.8243     0.1362      7.615 1.0000e-12  0.000e+00
     78.570    11.1430    30.3812   3.452925    193.063    90.8243     0.1362      7.615 1.0000e-12  0.000e+00
     78.570    11.1419    30.3791   3.452617    193.103    90.8243     0.1362      7.615 1.0000e-12  0.000e+00
     78.459    11.1405    30.3789   3.452468    192.972    90.8243     0.1289      7.615 1.0000e-12  0.000e+00
     78.518    11.1396    30.3793   3.452450    192.976    90.8512     0.1289      7.615 1.0000e-12  0.000e+00
     78.407    11.1388    30.3803   3.452468    192.809    90.8243     0.1362      7.610 1.0000e-12  0.000e+00
     78.459    11.1388    30.3808   3.452524    192.960    90.8243     0.1362      7.610 1.0000e-12  0.000e+00
     78.407    11.1386    30.3804   3.452468    192.975    90.7975     0.1289      7.615 1.0000e-12  0.000e+00
     78.356    11.1380    30.3794   3.452308    192.976    90.6631     0.1289      7.615 1.0000e-12  0.000e+00
     78.282    11.1378    30.3779   3.452141    192.975    90.6094     0.1362      7.610 1.0000e-12  0.000e+00
     78.297    11.1368    30.3786   3.452129    192.976    90.6094     0.1362      7.610 1.0000e-12  0.000e+00
     78.245    11.1368    30.3788   3.452141    192.971    90.6362     0.1289      7.615 1.0000e-12  0.000e+00
     78.245    11.1362    30.3793   3.452135    192.820    90.6362     0.1289      7.615 1.0000e-12  0.000e+00
     78.193    11.1360    30.3794   3.452135    192.800    90.6362     0.1289      7.615 1.0000e-12  0.000e+00
     78.134    11.1359    30.3800   3.452184    192.946    90.6362     0.1362      7.610 1.0000e-12  0.000e+00
     78.134    11.1362    30.3797   3.452172    192.941    90.6362     0.1435      7.610 1.0000e-12  0.000e+00
     78.134    11.1363    30.3783   3.452048    192.938    90.6362     0.1362      7.615 1.0000e-12  0.000e+00
     78.031    11.1355    30.3775   3.451894    192.951    90.6362     0.1362      7.615 1.0000e-12  0.000e+00
     78.083    11.1348    30.3770   3.451783    193.133    90.6094     0.1435      7.610 1.0000e-12  0.000e+00
     77.972    11.1342    30.3762   3.451647    193.144    90.6094     0.1435      7.610 1.0000e-12  0.000e+00
     77.972    11.1338    30.3757   3.451560    193.154    90.6362     0.1362      7.610 1.0000e-12  0.000e+00
     77.905    11.1328    30.3759   3.451499    192.997    90.6362     0.1362      7.615 1.0000e-12  0.000e+00
     77.920    11.1324    30.3759   3.451461    192.990    90.6362     0.1362      7.615 1.0000e-12  0.000e+00
     77.810    11.1318    30.3756   3.451381    192.981    90.6362     0.1435      7.610 1.0000e-12  0.000e+00
     77.861    11.1314    30.3751   3.451289    192.975    90.6362     0.1435      7.610 1.0000e-12  0.000e+00
