site/notebooks/data/aplsurp_cruises_cnvs_2024/20240719_CTD07_mb.cnv
* Sea-Bird SBE 9 Data File:
* FileName = C:\Data\RC0122ctd\20240719_CTD07_mb.hex
* Software Version Seasave V 7.26.7.107
* Temperature SN = 1121
* Conductivity SN = 2881
* Number of Bytes Per Scan = 31
* Number of Voltage Words = 4
* Number of Scans Averaged by the Deck Unit = 1
* NMEA Latitude = 47 42.79 N
* NMEA Longitude = 122 25.35 W
* NMEA UTC (Time) = Jul 19 2024  16:35:05
* NMEA baud rate = 4800
** Ship: R/V Rachel Carson
** Cruise ID: RC0122
** Tech: Jalickee
** Chief Scientist: Boyar
** Station: nb
** Cast:  07
** off meadow brook
# nquan = 10
# nvalues = 25723                                 
# units = specified
# name 0 = depSM: Depth [salt water, m]
# name 1 = t090C: Temperature [ITS-90, deg C]
# name 2 = sal00: Salinity, Practical [PSU]
# name 3 = c0S/m: Conductivity [S/m]
# name 4 = sbox0Mm/Kg: Oxygen, SBE 43 [umol/kg]
# name 5 = CStarTr0: Beam Transmission, WET Labs C-Star [%]
# name 6 = flECO-AFL: Fluorescence, WET Labs ECO-AFL/FL [mg/m^3]
# name 7 = ph: pH
# name 8 = par: PAR/Irradiance, Biospherical/Licor
# name 9 = flag:  0.000e+00
# span 0 =      0.507,    185.956                 
# span 1 =    11.2099,    15.9344                 
# span 2 =    29.1613,    30.6853                 
# span 3 =   3.442900,   3.726548                 
# span 4 =    183.280,    410.957                 
# span 5 =    63.9802,    93.7802                 
# span 6 =     0.0776,     9.2058                 
# span 7 =      7.524,      8.233                 
# span 8 = 1.0000e-12, 4.1182e+03                 
# span 9 = 0.0000e+00, 0.0000e+00                 
# interval = seconds: 0.0416667
# start_time = Jul 19 2024 16:35:05 [NMEA time, header]
# bad_flag = -9.990e-29
*END*
[from data line 2163]
      7.991    13.8900    29.6524   3.604848    322.707    76.1796     6.4293      7.982 6.8392e+01  0.000e+00
      8.006    13.8898    29.6529   3.604892    322.684    76.1527     6.4293      7.982 6.8392e+01  0.000e+00
      7.940    13.8900    29.6526   3.604866    322.673    76.1796     6.4293      7.982 6.8392e+01  0.000e+00
      8.006    13.8901    29.6524   3.604860    322.528    76.1796     6.4293      7.982 6.8587e+01  0.000e+00
      7.940    13.8898    29.6525   3.604841    322.667    76.1796     6.4293      7.982 6.8587e+01  0.000e+00
      8.006    13.8903    29.6524   3.604879    322.680    76.2065     6.4293      7.982 6.8783e+01  0.000e+00
      7.940    13.8900    29.6521   3.604816    322.838    76.1527     6.4293      7.982 6.8979e+01  0.000e+00
      8.006    13.8902    29.6521   3.604829    322.858    76.1796     6.4293      7.982 6.8979e+01  0.000e+00
      7.940    13.8901    29.6521   3.604829    322.708    76.1796     6.4293      7.982 6.9176e+01  0.000e+00
      7.991    13.8903    29.6513   3.604753    322.734    76.1527     6.4293      7.982 6.9373e+01  0.000e+00
      7.955    13.8900    29.6519   3.604791    322.747    76.1796     6.0923      7.982 6.9373e+01  0.000e+00
      7.940    13.8900    29.6525   3.604866    322.747    76.1796     5.6380      7.982 6.9571e+01  0.000e+00
      8.006    13.8903    29.6528   3.604917    322.920    76.1796     5.5282      7.982 6.9769e+01  0.000e+00
      7.940    13.8903    29.6527   3.604910    322.950    76.1796     5.5428      7.982 6.9769e+01  0.000e+00
      7.955    13.8902    29.6526   3.604892    322.832    76.0184     5.5575      7.982 6.9968e+01  0.000e+00
      7.940    13.8905    29.6524   3.604891    323.022    75.8303     5.5648      7.982 7.0168e+01  0.000e+00
      7.955    13.8901    29.6525   3.604873    323.064    75.8034     5.5648      7.982 7.0168e+01  0.000e+00
      7.991    13.8900    29.6527   3.604885    322.954    75.8034     5.5648      7.982 7.0168e+01  0.000e+00
      7.955    13.8901    29.6524   3.604866    323.293    75.8034     5.5648      7.982 7.0368e+01  0.000e+00
      7.940    13.8900    29.6526   3.604866    323.184    75.8303     5.5575      7.982 7.0368e+01  0.000e+00
      7.844    13.8898    29.6529   3.604885    323.229    75.8034     5.5648      7.987 7.0368e+01  0.000e+00
      8.043    13.8898    29.6529   3.604892    323.441    75.8303     5.5648      7.982 7.0368e+01  0.000e+00
      7.903    13.8895    29.6533   3.604898    323.334    75.8303     5.5575      7.982 7.0568e+01  0.000e+00
      7.940    13.8900    29.6524   3.604848    323.374    75.8034     5.5648      7.982 7.0568e+01  0.000e+00
      7.955    13.8897    29.6525   3.604829    323.418    75.8303     5.5648      7.982 7.0368e+01  0.000e+00
      7.940    13.8903    29.6525   3.604885    323.443    75.8303     5.5575      7.982 7.0568e+01  0.000e+00
      7.940    13.8900    29.6526   3.604866    323.797    75.8034     5.5648      7.982 7.0568e+01  0.000e+00
      7.903    13.8897    29.6529   3.604879    323.867    75.8303     5.5648      7.982 7.0368e+01  0.000e+00
      7.940    13.8898    29.6508   3.604659    323.762    75.8034     5.5575      7.982 7.0368e+01  0.000e+00
      7.903    13.8895    29.6518   3.604741    323.792    75.8034     5.5648      7.982 7.0368e+01  0.000e+00
      7.940    13.8900    29.6523   3.604841    323.821    75.8303     5.5648      7.982 7.0368e+01  0.000e+00
      7.903    13.8897    29.6535   3.604935    323.837    75.8034     5.5648      7.982 7.0368e+01  0.000e+00
      7.940    13.8900    29.6545   3.605080    324.020    75.8303     5.5575      7.982 7.0168e+01  0.000e+00
      7.903    13.8900    29.6553   3.605162    323.905    75.8034     5.5648      7.982 7.0368e+01  0.000e+00
      7.881    13.8898    29.6548   3.605092    324.078    75.8303     5.5648      7.982 7.0368e+01  0.000e+00
      7.954    13.8901    29.6548   3.605124    323.967    75.8572     5.5575      7.982 7.0368e+01  0.000e+00
      7.881    13.8900    29.6549   3.605124    324.135    75.8572     5.5501      7.982 7.0368e+01  0.000e+00
      7.903    13.8897    29.6548   3.605080    324.153    75.8840     5.4915      7.982 7.0568e+01  0.000e+00
      7.940    13.8898    29.6547   3.605080    324.013    75.8572     5.4769      7.982 7.0568e+01  0.000e+00
      7.903    13.8896    29.6549   3.605086    324.166    75.8572     5.4769      7.982 7.0568e+01  0.000e+00
      7.881    13.8895    29.6548   3.605067    324.022    75.8840     5.4769      7.982 7.0770e+01  0.000e+00
      7.903    13.8895    29.6551   3.605105    324.187    75.8572     5.4769      7.982 7.0770e+01  0.000e+00
      7.881    13.8898    29.6550   3.605118    324.373    75.8840     5.4769      7.982 7.0770e+01  0.000e+00
      7.881    13.8898    29.6551   3.605124    324.252    75.8840     5.4695      7.982 7.0971e+01  0.000e+00
      7.903    13.8897    29.6556   3.605168    324.105    75.8572     5.4769      7.987 7.0971e+01  0.000e+00
      7.881    13.8898    29.6551   3.605130    324.251    75.8572     5.4769      7.982 7.0971e+01  0.000e+00
      7.903    13.8898    29.6547   3.605080    324.089    75.8840     5.4769      7.982 7.1174e+01  0.000e+00
      7.881    13.8897    29.6546   3.605055    324.079    75.8572     5.4769      7.982 7.1174e+01  0.000e+00
      7.903    13.8900    29.6543   3.605055    324.362    75.8840     5.4769      7.982 7.1174e+01  0.000e+00
      7.881    13.8900    29.6537   3.604986    324.219    75.8840     5.4695      7.982 7.1377e+01  0.000e+00
      7.903    13.8896    29.6539   3.604986    324.218    75.8572     5.4769      7.982 7.1580e+01  0.000e+00
      7.881    13.8897    29.6538   3.604967    324.367    75.8840     5.4769      7.977 7.1377e+01  0.000e+00
      7.903    13.8903    29.6530   3.604942    324.204    75.8840     5.4769      7.982 7.1580e+01  0.000e+00
      7.881    13.8898    29.6530   3.604898    324.198    75.8572     5.4769      7.982 7.1580e+01  0.000e+00
      7.903    13.8900    29.6530   3.604917    324.187    75.8572     5.4769      7.982 7.1580e+01  0.000e+00
      7.881    13.8898    29.6523   3.604816    324.036    75.8572     5.4769      7.982 7.1580e+01  0.000e+00
      7.844    13.8898    29.6514   3.604722    324.024    75.8034     5.4769      7.982 7.1580e+01  0.000e+00
      7.940    13.8897    29.6517   3.604747    324.156    75.8303     5.4769      7.982 7.1580e+01  0.000e+00
      7.844    13.8898    29.6517   3.604747    324.137    75.8303     5.4769      7.982 7.1580e+01  0.000e+00
      7.940    13.8898    29.6526   3.604854    324.123    75.8303     5.4769      7.982 7.1377e+01  0.000e+00
      7.792    13.8900    29.6524   3.604841    323.944    75.8303     5.4769      7.987 7.1377e+01  0.000e+00
      7.991    13.8897    29.6527   3.604860    323.935    75.8303     5.4769      7.987 7.1580e+01  0.000e+00
      7.881    13.8898    29.6529   3.604885    324.064    75.8034     5.4769      7.982 7.1377e+01  0.000e+00
      7.903    13.8893    29.6533   3.604891    323.893    75.8303     5.5062      7.982 7.1174e+01  0.000e+00
      7.881    13.8897    29.6531   3.604898    323.715    75.8303     5.5282      7.982 7.1377e+01  0.000e+00
      7.903    13.8896    29.6534   3.604923    323.836    75.8303     5.5282      7.977 7.1174e+01  0.000e+00
      7.881    13.8898    29.6528   3.604873    323.646    75.8303     5.5282      7.982 7.1174e+01  0.000e+00
      7.954    13.8898    29.6527   3.604866    323.782    75.8034     5.5282      7.982 7.0971e+01  0.000e+00
      7.881    13.8898    29.6527   3.604860    323.911    75.8303     5.5282      7.982 7.0770e+01  0.000e+00
      7.903    13.8895    29.6527   3.604835    323.749    75.8034     5.5282      7.987 7.0770e+01  0.000e+00
      7.940    13.8893    29.6528   3.604835    323.895    75.8034     5.5282      7.982 7.0770e+01  0.000e+00
      7.903    13.8890    29.6539   3.604929    323.728    75.8303     5.5208      7.982 7.0568e+01  0.000e+00
      7.940    13.8891    29.6543   3.604979    323.703    75.8303     5.5282      7.982 7.0368e+01  0.000e+00
      7.903    13.8890    29.6541   3.604948    323.678    75.8303     5.5282      7.982 7.0368e+01  0.000e+00
      7.940    13.8895    29.6537   3.604954    323.651    75.8572     5.5208      7.982 7.0368e+01  0.000e+00
      7.903    13.8890    29.6540   3.604935    323.652    76.1527     5.5282      7.982 7.0168e+01  0.000e+00
      7.940    13.8893    29.6535   3.604910    323.499    76.3408     5.5282      7.982 7.0168e+01  0.000e+00
      7.903    13.8890    29.6539   3.604923    323.474    76.3408     5.5282      7.982 6.9968e+01  0.000e+00
      7.940    13.8893    29.6538   3.604948    323.604    76.3408     5.5282      7.982 6.9769e+01  0.000e+00
      7.940    13.8891    29.6532   3.604866    323.442    76.3408     5.5208      7.982 6.9769e+01  0.000e+00
      7.954    13.8893    29.6523   3.604785    323.574    76.3140     5.5282      7.982 6.9769e+01  0.000e+00
      7.940    13.8890    29.6538   3.604910    323.729    76.3408     5.5282      7.982 6.9769e+01  0.000e+00
      7.954    13.8893    29.6539   3.604961    323.729    76.3408     5.5282      7.982 6.9769e+01  0.000e+00
      7.939    13.8895    29.6536   3.604935    323.743    76.3140     5.5282      7.982 6.9968e+01  0.000e+00
      7.903    13.8890    29.6534   3.604873    323.593    76.3408     5.5282      7.982 6.9769e+01  0.000e+00
      7.991    13.8890    29.6542   3.604961    323.597    76.3140     5.5282      7.987 6.9769e+01  0.000e+00
      7.954    13.8893    29.6546   3.605036    323.595    76.3140     5.5282      7.982 6.9769e+01  0.000e+00
      7.939    13.8888    29.6547   3.605005    323.587    76.3408     5.5282      7.987 6.9968e+01  0.000e+00
      7.954    13.8890    29.6543   3.604973    323.745    76.3140     5.5282      7.982 6.9968e+01  0.000e+00
      7.939    13.8893    29.6542   3.604986    323.745    76.3140     6.0849      7.982 6.9769e+01  0.000e+00
      8.006    13.8890    29.6540   3.604942    323.766    76.3408     6.8029      7.982 6.9968e+01  0.000e+00
      7.939    13.8888    29.6545   3.604979    323.791    76.3140     6.9934      7.982 6.9968e+01  0.000e+00
      7.954    13.8893    29.6546   3.605036    323.958    76.3408     6.9641      7.982 6.9968e+01  0.000e+00
      7.991    13.8886    29.6553   3.605055    323.823    76.3408     6.9274      7.987 6.9968e+01  0.000e+00
      7.939    13.8893    29.6546   3.605036    323.987    76.3140     6.9274      7.982 7.0168e+01  0.000e+00
      8.006    13.8886    29.6557   3.605093    324.006    75.4810     6.9201      7.987 7.0168e+01  0.000e+00
      7.939    13.8891    29.6551   3.605067    323.860    74.7555     6.9274      7.987 6.9968e+01  0.000e+00
      8.006    13.8891    29.6551   3.605074    324.042    74.5942     6.9274      7.982 6.9968e+01  0.000e+00
      7.939    13.8890    29.6554   3.605093    324.065    74.6748     6.9274      7.982 6.9769e+01  0.000e+00
      8.006    13.8891    29.6557   3.605137    323.937    74.6748     6.9274      7.987 6.9769e+01  0.000e+00
      7.991    13.8891    29.6558   3.605149    324.115    74.6748     6.9274      7.982 6.9571e+01  0.000e+00
      7.954    13.8891    29.6559   3.605155    324.138    74.6748     6.9274      7.987 6.9571e+01  0.000e+00
      7.991    13.8891    29.6562   3.605199    324.163    74.6748     6.9274      7.982 6.9571e+01  0.000e+00
      8.006    13.8888    29.6559   3.605137    324.344    74.6748     6.9274      7.982 6.9373e+01  0.000e+00
      7.991    13.8890    29.6557   3.605124    324.211    74.6748     6.9274      7.987 6.9373e+01  0.000e+00
      7.954    13.8890    29.6556   3.605118    324.218    74.6748     6.9274      7.982 6.9373e+01  0.000e+00
      7.991    13.8888    29.6558   3.605118    324.395    74.6748     6.9274      7.982 6.9176e+01  0.000e+00
      8.006    13.8886    29.6559   3.605124    324.429    74.6748     6.9274      7.982 6.9176e+01  0.000e+00
      7.991    13.8891    29.6553   3.605093    324.457    74.6748     6.9274      7.982 6.9176e+01  0.000e+00
      7.954    13.8888    29.6550   3.605036    324.475    74.7017     6.9274      7.982 6.8979e+01  0.000e+00
      7.991    13.8890    29.6553   3.605080    324.336    74.6748     6.9274      7.987 6.8979e+01  0.000e+00
      7.991    13.8888    29.6559   3.605137    324.505    74.6748     6.9274      7.982 6.8979e+01  0.000e+00
      7.954    13.8888    29.6558   3.605124    324.517    74.7017     6.9274      7.982 6.8979e+01  0.000e+00
      7.991    13.8890    29.6553   3.605080    324.671    74.6748     6.9274      7.982 6.9176e+01  0.000e+00
      8.006    13.8883    29.6552   3.605011    324.544    74.6748     6.9274      7.987 6.8979e+01  0.000e+00
      7.991    13.8885    29.6544   3.604942    324.692    75.0242     6.8029      7.982 6.9176e+01  0.000e+00
      7.954    13.8888    29.6540   3.604929    324.706    75.5347     6.3780      7.987 6.9176e+01  0.000e+00
      7.991    13.8886    29.6557   3.605093    324.580    75.6691     6.2168      7.987 6.9176e+01  0.000e+00
      8.006    13.8885    29.6563   3.605149    324.582    75.6153     6.2168      7.982 6.9571e+01  0.000e+00
      7.991    13.8891    29.6556   3.605130    324.591    75.6153     6.2315      7.987 6.9571e+01  0.000e+00
      7.954    13.8890    29.6554   3.605093    324.590    75.5885     6.2461      7.987 6.9571e+01  0.000e+00
      7.991    13.8886    29.6556   3.605086    324.745    75.6153     6.2461      7.982 6.9769e+01  0.000e+00
      7.954    13.8886    29.6561   3.605143    324.596    75.6153     6.2388      7.987 6.9769e+01  0.000e+00
      7.991    13.8886    29.6564   3.605174    324.591    75.5885     6.2461      7.987 6.9968e+01  0.000e+00
      7.954    13.8890    29.6555   3.605105    324.889    75.6153     6.2461      7.982 6.9968e+01  0.000e+00
      7.991    13.8886    29.6559   3.605118    324.740    75.6153     6.2388      7.987 7.0168e+01  0.000e+00
      7.954    13.8886    29.6559   3.605118    324.724    75.6153     6.2461      7.982 7.0168e+01  0.000e+00
      7.991    13.8888    29.6555   3.605093    324.722    75.6153     6.2388      7.987 7.0168e+01  0.000e+00
      7.939    13.8886    29.6557   3.605093    324.703    75.6153     6.2461      7.982 7.0368e+01  0.000e+00
      7.954    13.8885    29.6557   3.605086    324.696    75.6153     6.2388      7.982 7.0168e+01  0.000e+00
      7.991    13.8886    29.6558   3.605105    324.546    75.5885     6.2461      7.987 7.0168e+01  0.000e+00
      7.954    13.8891    29.6556   3.605124    324.531    75.5885     6.2461      7.982 6.9968e+01  0.000e+00
      7.939    13.8890    29.6559   3.605143    324.519    75.6153     6.2388      7.987 6.9968e+01  0.000e+00
      7.954    13.8888    29.6553   3.605074    324.496    75.6153     6.2461      7.982 6.9968e+01  0.000e+00
      7.939    13.8888    29.6559   3.605130    324.621    75.6153     6.2388      7.982 6.9769e+01  0.000e+00
      7.954    13.8890    29.6559   3.605149    324.450    75.6153     6.2388      7.982 6.9769e+01  0.000e+00
      7.939    13.8886    29.6562   3.605149    324.420    75.6422     6.2461      7.982 6.9769e+01  0.000e+00
      7.954    13.8890    29.6558   3.605130    324.554    75.6691     6.2388      7.987 6.9968e+01  0.000e+00
      7.939    13.8890    29.6554   3.605093    324.545    75.6959     6.2388      7.982 6.9968e+01  0.000e+00
      7.902    13.8888    29.6559   3.605130    324.534    75.6691     6.2461      7.982 7.0168e+01  0.000e+00
      7.939    13.8891    29.6556   3.605130    324.522    75.6691     6.2388      7.987 7.0168e+01  0.000e+00
      7.954    13.8893    29.6565   3.605243    324.520    75.6691     6.2315      7.987 7.0168e+01  0.000e+00
      7.880    13.8895    29.6572   3.605325    324.500    75.6422     5.8212      7.982 7.0168e+01  0.000e+00
