site/notebooks/data/aplsurp_cruises_cnvs_2024/20240719_CTD07_mb.cnv
* Sea-Bird SBE 9 Data File:
* FileName = C:\Data\RC0122ctd\20240719_CTD07_mb.hex
* Software Version Seasave V 7.26.7.107
* Temperature SN = 1121
* Conductivity SN = 2881
* Number of Bytes Per Scan = 31
* Number of Voltage Words = 4
* Number of Scans Averaged by the Deck Unit = 1
* NMEA Latitude = 47 42.79 N
* NMEA Longitude = 122 25.35 W
* NMEA UTC (Time) = Jul 19 2024  16:35:05
* NMEA baud rate = 4800
** Ship: R/V Rachel Carson
** Cruise ID: RC0122
** Tech: Jalickee
** Chief Scientist: Boyar
** Station: nb
** Cast:  07
** off meadow brook
# nquan = 10
# nvalues = 25723                                 
# units = specified
# name 0 = depSM: Depth [salt water, m]
# name 1 = t090C: Temperature [ITS-90, deg C]
# name 2 = sal00: Salinity, Practical [PSU]
# name 3 = c0S/m: Conductivity [S/m]
# name 4 = sbox0Mm/Kg: Oxygen, SBE 43 [umol/kg]
# name 5 = CStarTr0: Beam Transmission, WET Labs C-Star [%]
# name 6 = flECO-AFL: Fluorescence, WET Labs ECO-AFL/FL [mg/m^3]
# name 7 = ph: pH
# name 8 = par: PAR/Irradiance, Biospherical/Licor
# name 9 = flag:  0.000e+00
# span 0 =      0.507,    185.956                 
# span 1 =    11.2099,    15.9344                 
# span 2 =    29.1613,    30.6853                 
# span 3 =   3.442900,   3.726548                 
# span 4 =    183.280,    410.957                 
# span 5 =    63.9802,    93.7802                 
# span 6 =     0.0776,     9.2058                 
# span 7 =      7.524,      8.233                 
# span 8 = 1.0000e-12, 4.1182e+03                 
# span 9 = 0.0000e+00, 0.0000e+00                 
# interval = seconds: 0.0416667
# start_time = Jul 19 2024 16:35:05 [NMEA time, header]
# bad_flag = -9.990e-29
*END*
[from data line 14847]
    145.237    11.3296    30.5471   3.488497    194.979    89.0240     0.1362      7.567 1.0000e-12  0.000e+00
    145.186    11.3295    30.5470   3.488473    195.127    89.0240     0.1362      7.567 1.0000e-12  0.000e+00
    145.193    11.3291    30.5471   3.488448    195.309    89.0240     0.1435      7.562 1.0000e-12  0.000e+00
    145.186    11.3293    30.5474   3.488491    195.337    88.9971     0.1362      7.562 1.0000e-12  0.000e+00
    145.082    11.3293    30.5473   3.488485    195.348    88.9971     0.1362      7.562 1.0000e-12  0.000e+00
    145.127    11.3291    30.5473   3.488473    195.195    89.1046     0.1362      7.562 1.0000e-12  0.000e+00
    145.082    11.3291    30.5472   3.488454    195.191    89.1583     0.1362      7.567 1.0000e-12  0.000e+00
    145.023    11.3293    30.5465   3.488398    195.186    89.1583     0.1362      7.567 1.0000e-12  0.000e+00
    145.031    11.3295    30.5462   3.488379    195.350    89.1583     0.1289      7.567 1.0000e-12  0.000e+00
    145.023    11.3289    30.5462   3.488336    195.213    89.1852     0.1289      7.567 1.0000e-12  0.000e+00
    144.964    11.3289    30.5460   3.488317    195.392    89.1583     0.1289      7.567 1.0000e-12  0.000e+00
    144.920    11.3286    30.5465   3.488342    195.403    89.1583     0.1362      7.562 1.0000e-12  0.000e+00
    144.964    11.3285    30.5470   3.488373    195.400    89.1583     0.1362      7.562 1.0000e-12  0.000e+00
    144.868    11.3288    30.5468   3.488379    195.407    89.1583     0.1362      7.562 1.0000e-12  0.000e+00
    144.861    11.3288    30.5464   3.488336    195.250    89.1583     0.1362      7.562 1.0000e-12  0.000e+00
    144.868    11.3285    30.5465   3.488324    195.262    89.1583     0.1362      7.567 1.0000e-12  0.000e+00
    144.802    11.3286    30.5463   3.488317    195.104    89.1852     0.1289      7.567 1.0000e-12  0.000e+00
    144.809    11.3286    30.5462   3.488299    195.101    89.1852     0.1289      7.567 1.0000e-12  0.000e+00
    144.750    11.3286    30.5463   3.488311    195.248    89.1583     0.1289      7.567 1.0000e-12  0.000e+00
    144.750    11.3286    30.5457   3.488249    195.063    89.1583     0.1289      7.567 1.0000e-12  0.000e+00
    144.706    11.3278    30.5457   3.488175    195.031    89.1315     0.1362      7.562 1.0000e-12  0.000e+00
    144.698    11.3280    30.5452   3.488138    195.164    89.1583     0.1362      7.562 1.0000e-12  0.000e+00
    144.647    11.3271    30.5458   3.488131    195.146    89.1583     0.1362      7.562 1.0000e-12  0.000e+00
    144.639    11.3278    30.5448   3.488082    195.124    89.1583     0.1362      7.567 1.0000e-12  0.000e+00
    144.595    11.3271    30.5457   3.488113    195.136    89.1583     0.1289      7.567 1.0000e-12  0.000e+00
    144.529    11.3275    30.5458   3.488150    195.145    89.1046     0.1289      7.567 1.0000e-12  0.000e+00
    144.543    11.3278    30.5456   3.488162    195.141    88.9971     0.1289      7.567 1.0000e-12  0.000e+00
    144.529    11.3278    30.5454   3.488137    195.138    88.9971     0.1362      7.562 1.0000e-12  0.000e+00
    144.433    11.3273    30.5463   3.488181    195.133    88.9702     0.1362      7.562 1.0000e-12  0.000e+00
    144.425    11.3273    30.5457   3.488125    195.130    88.9971     0.1435      7.562 1.0000e-12  0.000e+00
    144.425    11.3271    30.5458   3.488119    194.961    88.9971     0.1582      7.562 1.0000e-12  0.000e+00
    144.374    11.3275    30.5457   3.488131    194.940    88.9971     0.1655      7.567 1.0000e-12  0.000e+00
    144.315    11.3276    30.5460   3.488175    195.071    89.0240     0.1582      7.567 1.0000e-12  0.000e+00
    144.322    11.3276    30.5462   3.488193    195.235    88.9971     0.1582      7.567 1.0000e-12  0.000e+00
    144.263    11.3280    30.5459   3.488193    195.078    88.9971     0.1582      7.567 1.0000e-12  0.000e+00
    144.270    11.3280    30.5461   3.488218    195.091    88.9971     0.1582      7.567 1.0000e-12  0.000e+00
    144.204    11.3283    30.5455   3.488175    195.086    88.9971     0.1582      7.562 1.0000e-12  0.000e+00
    144.159    11.3276    30.5461   3.488181    195.084    88.9971     0.1655      7.562 1.0000e-12  0.000e+00
    144.152    11.3278    30.5463   3.488218    195.080    88.9971     0.1655      7.562 1.0000e-12  0.000e+00
    144.108    11.3278    30.5465   3.488230    195.076    88.9971     0.1655      7.562 1.0000e-12  0.000e+00
    144.100    11.3280    30.5463   3.488224    194.740    88.9971     0.1655      7.562 1.0000e-12  0.000e+00
    143.997    11.3280    30.5458   3.488175    194.705    88.9971     0.1655      7.562 1.0000e-12  0.000e+00
    144.041    11.3280    30.5454   3.488137    194.692    88.9971     0.1655      7.567 1.0000e-12  0.000e+00
    143.931    11.3278    30.5460   3.488181    194.843    88.9971     0.1582      7.567 1.0000e-12  0.000e+00
    143.938    11.3283    30.5451   3.488125    195.013    88.9971     0.1582      7.567 1.0000e-12  0.000e+00
    143.931    11.3280    30.5460   3.488193    195.017    89.0777     0.1582      7.567 1.0000e-12  0.000e+00
    143.886    11.3278    30.5458   3.488150    194.838    89.1852     0.1582      7.567 1.0000e-12  0.000e+00
    143.827    11.3276    30.5457   3.488131    194.658    89.2121     0.1582      7.567 1.0000e-12  0.000e+00
    143.776    11.3281    30.5455   3.488150    194.963    89.2121     0.1582      7.562 1.0000e-12  0.000e+00
    143.768    11.3276    30.5458   3.488137    194.953    89.2121     0.1655      7.562 1.0000e-12  0.000e+00
    143.776    11.3278    30.5456   3.488131    194.791    89.1852     0.1655      7.562 1.0000e-12  0.000e+00
    143.665    11.3278    30.5454   3.488106    194.627    89.1852     0.1655      7.562 1.0000e-12  0.000e+00
    143.672    11.3275    30.5454   3.488075    194.621    89.1852     0.1655      7.562 1.0000e-12  0.000e+00
    143.665    11.3275    30.5455   3.488088    194.615    89.2390     0.1582      7.567 1.0000e-12  0.000e+00
    143.562    11.3275    30.5454   3.488075    194.592    89.2121     0.1582      7.567 1.0000e-12  0.000e+00
    143.606    11.3275    30.5456   3.488088    194.741    89.2121     0.1582      7.567 1.0000e-12  0.000e+00
    143.510    11.3275    30.5457   3.488100    194.903    89.2121     0.1509      7.567 1.0000e-12  0.000e+00
    143.495    11.3275    30.5457   3.488100    194.932    89.2121     0.1435      7.567 1.0000e-12  0.000e+00
    143.510    11.3275    30.5459   3.488119    194.946    89.2121     0.1509      7.562 1.0000e-12  0.000e+00
    143.443    11.3276    30.5459   3.488131    194.973    89.1852     0.1509      7.562 1.0000e-12  0.000e+00
    143.399    11.3276    30.5457   3.488106    195.003    89.2121     0.1509      7.562 1.0000e-12  0.000e+00
    143.392    11.3280    30.5458   3.488143    195.032    89.1852     0.1509      7.562 1.0000e-12  0.000e+00
    143.340    11.3275    30.5461   3.488137    194.898    89.2121     0.1509      7.562 1.0000e-12  0.000e+00
    143.333    11.3278    30.5460   3.488149    194.731    89.1852     0.1435      7.567 1.0000e-12  0.000e+00
    143.281    11.3275    30.5464   3.488162    194.717    89.2121     0.1435      7.567 1.0000e-12  0.000e+00
    143.288    11.3275    30.5466   3.488187    194.689    89.2121     0.1509      7.567 1.0000e-12  0.000e+00
    143.229    11.3280    30.5463   3.488193    194.826    89.1852     0.1509      7.567 1.0000e-12  0.000e+00
    143.178    11.3280    30.5463   3.488193    194.996    89.1852     0.1509      7.562 1.0000e-12  0.000e+00
    143.170    11.3278    30.5470   3.488242    194.999    89.1583     0.1509      7.562 1.0000e-12  0.000e+00
    143.178    11.3280    30.5469   3.488255    195.002    89.1852     0.1509      7.562 1.0000e-12  0.000e+00
    143.119    11.3280    30.5465   3.488211    194.853    89.1852     0.1509      7.562 1.0000e-12  0.000e+00
    143.074    11.3280    30.5464   3.488193    194.856    89.1852     0.1509      7.567 1.0000e-12  0.000e+00
    143.067    11.3278    30.5468   3.488218    195.028    89.1852     0.1435      7.567 1.0000e-12  0.000e+00
    143.074    11.3285    30.5461   3.488205    194.879    89.1852     0.1435      7.567 1.0000e-12  0.000e+00
    143.008    11.3281    30.5467   3.488236    194.883    89.1852     0.1435      7.567 1.0000e-12  0.000e+00
    142.964    11.3283    30.5463   3.488211    194.888    89.1852     0.1509      7.562 1.0000e-12  0.000e+00
    143.008    11.3280    30.5457   3.488125    194.731    89.1583     0.1509      7.562 1.0000e-12  0.000e+00
    142.904    11.3280    30.5457   3.488118    194.887    89.1852     0.1509      7.562 1.0000e-12  0.000e+00
    142.956    11.3278    30.5452   3.488056    194.732    89.1852     0.1509      7.562 1.0000e-12  0.000e+00
    142.853    11.3278    30.5451   3.488038    194.707    89.1852     0.1509      7.567 1.0000e-12  0.000e+00
    142.897    11.3275    30.5455   3.488056    194.688    89.1852     0.1435      7.567 1.0000e-12  0.000e+00
    142.853    11.3273    30.5456   3.488044    194.516    89.1852     0.1435      7.567 1.0000e-12  0.000e+00
    142.794    11.3271    30.5457   3.488038    194.680    89.1852     0.1435      7.567 1.0000e-12  0.000e+00
    142.801    11.3276    30.5454   3.488056    194.844    89.1852     0.1509      7.567 1.0000e-12  0.000e+00
    142.794    11.3273    30.5460   3.488087    194.860    89.1852     0.1509      7.562 1.0000e-12  0.000e+00
    142.742    11.3275    30.5460   3.488100    194.875    89.1852     0.1509      7.562 1.0000e-12  0.000e+00
    142.735    11.3275    30.5462   3.488118    194.891    89.1315     0.1509      7.562 1.0000e-12  0.000e+00
    142.690    11.3275    30.5459   3.488081    194.908    89.1046     0.1509      7.562 1.0000e-12  0.000e+00
    142.683    11.3278    30.5456   3.488087    194.758    89.1046     0.1509      7.562 1.0000e-12  0.000e+00
    142.690    11.3278    30.5458   3.488100    194.896    89.1046     0.1509      7.562 1.0000e-12  0.000e+00
    142.631    11.3274    30.5461   3.488100    194.882    89.1046     0.1435      7.567 1.0000e-12  0.000e+00
    142.580    11.3281    30.5459   3.488143    194.864    89.1315     0.1435      7.567 1.0000e-12  0.000e+00
    142.631    11.3278    30.5459   3.488112    194.868    89.1315     0.1435      7.567 1.0000e-12  0.000e+00
    142.528    11.3278    30.5453   3.488050    194.884    89.1315     0.1435      7.567 1.0000e-12  0.000e+00
    142.572    11.3276    30.5440   3.487895    195.073    89.1315     0.1509      7.562 1.0000e-12  0.000e+00
    142.469    11.3268    30.5440   3.487821    195.091    89.1315     0.1509      7.562 1.0000e-12  0.000e+00
    142.521    11.3271    30.5436   3.487814    194.925    89.1046     0.1509      7.562 1.0000e-12  0.000e+00
    142.469    11.3275    30.5433   3.487814    194.940    89.1046     0.1509      7.562 1.0000e-12  0.000e+00
    142.469    11.3273    30.5442   3.487889    194.957    89.1046     0.1509      7.562 1.0000e-12  0.000e+00
    142.366    11.3271    30.5446   3.487914    195.123    89.1046     0.1509      7.567 1.0000e-12  0.000e+00
    142.410    11.3275    30.5438   3.487858    194.958    89.1315     0.1435      7.567 1.0000e-12  0.000e+00
    142.366    11.3278    30.5432   3.487827    194.774    89.1315     0.1435      7.562 1.0000e-12  0.000e+00
    142.358    11.3266    30.5430   3.487703    194.914    89.1315     0.1509      7.567 1.0000e-12  0.000e+00
    142.306    11.3265    30.5427   3.487659    195.065    89.1315     0.1509      7.567 1.0000e-12  0.000e+00
    142.299    11.3258    30.5429   3.487616    195.082    89.1315     0.1509      7.562 1.0000e-12  0.000e+00
    142.255    11.3260    30.5419   3.487529    195.111    89.1046     0.1509      7.562 1.0000e-12  0.000e+00
    142.299    11.3256    30.5419   3.487504    194.977    89.1852     0.1509      7.562 1.0000e-12  0.000e+00
    142.203    11.3255    30.5419   3.487486    194.990    89.2390     0.1509      7.562 1.0000e-12  0.000e+00
    142.196    11.3260    30.5416   3.487498    195.004    89.2658     0.1509      7.562 1.0000e-12  0.000e+00
    142.144    11.3246    30.5435   3.487579    195.021    89.2658     0.1509      7.562 1.0000e-12  0.000e+00
    142.137    11.3251    30.5435   3.487622    195.036    89.2658     0.1509      7.562 1.0000e-12  0.000e+00
    142.144    11.3251    30.5447   3.487746    195.036    89.2658     0.1509      7.567 1.0000e-12  0.000e+00
    142.085    11.3256    30.5443   3.487740    195.018    89.2658     0.1435      7.567 1.0000e-12  0.000e+00
    142.033    11.3260    30.5434   3.487672    195.168    89.2927     0.1435      7.567 1.0000e-12  0.000e+00
    142.033    11.3261    30.5424   3.487591    195.167    89.2658     0.1435      7.567 1.0000e-12  0.000e+00
    141.982    11.3261    30.5399   3.487324    195.183    89.2658     0.1435      7.567 1.0000e-12  0.000e+00
    141.974    11.3255    30.5384   3.487113    195.217    89.2658     0.1435      7.562 1.0000e-12  0.000e+00
    141.930    11.3246    30.5373   3.486927    195.083    89.2658     0.1509      7.562 1.0000e-12  0.000e+00
    141.923    11.3241    30.5367   3.486828    195.100    89.2658     0.1509      7.562 1.0000e-12  0.000e+00
    141.930    11.3231    30.5370   3.486772    195.270    89.2658     0.1509      7.562 1.0000e-12  0.000e+00
    141.812    11.3231    30.5373   3.486797    195.113    89.2658     0.1509      7.562 1.0000e-12  0.000e+00
    141.819    11.3228    30.5377   3.486816    195.129    89.2658     0.1509      7.567 1.0000e-12  0.000e+00
    141.812    11.3216    30.5382   3.486766    195.131    89.2658     0.1435      7.567 1.0000e-12  0.000e+00
    141.768    11.3218    30.5377   3.486729    195.129    89.2658     0.1435      7.567 1.0000e-12  0.000e+00
    141.701    11.3218    30.5373   3.486679    195.294    89.2658     0.1509      7.567 1.0000e-12  0.000e+00
    141.709    11.3216    30.5377   3.486704    195.291    89.2658     0.1435      7.567 1.0000e-12  0.000e+00
    141.649    11.3213    30.5379   3.486698    195.136    89.2390     0.1509      7.562 1.0000e-12  0.000e+00
    141.657    11.3215    30.5379   3.486710    195.116    89.2121     0.1509      7.562 1.0000e-12  0.000e+00
    141.598    11.3213    30.5387   3.486772    195.095    89.2121     0.1509      7.562 1.0000e-12  0.000e+00
    141.605    11.3215    30.5384   3.486766    194.907    89.2121     0.1509      7.562 1.0000e-12  0.000e+00
    141.494    11.3218    30.5371   3.486654    195.019    89.2121     0.1509      7.567 1.0000e-12  0.000e+00
    141.539    11.3213    30.5363   3.486531    195.001    89.2390     0.1435      7.567 1.0000e-12  0.000e+00
    141.435    11.3211    30.5373   3.486617    194.991    89.2121     0.1435      7.567 1.0000e-12  0.000e+00
    141.487    11.3210    30.5381   3.486686    194.985    89.2121     0.1435      7.567 1.0000e-12  0.000e+00
    141.384    11.3215    30.5384   3.486754    195.141    89.2121     0.1509      7.567 1.0000e-12  0.000e+00
    141.376    11.3215    30.5385   3.486760    194.982    89.2121     0.1655      7.562 1.0000e-12  0.000e+00
    141.332    11.3215    30.5378   3.486685    194.975    89.2121     0.1728      7.562 1.0000e-12  0.000e+00
    141.325    11.3208    30.5364   3.486487    194.956    89.2121     0.1728      7.562 1.0000e-12  0.000e+00
    141.273    11.3211    30.5339   3.486251    194.949    89.2121     0.1728      7.562 1.0000e-12  0.000e+00
    141.273    11.3203    30.5336   3.486158    194.778    89.2121     0.1728      7.567 1.0000e-12  0.000e+00
    141.221    11.3200    30.5339   3.486158    194.922    89.2390     0.1655      7.567 1.0000e-12  0.000e+00
    141.214    11.3196    30.5343   3.486165    194.916    89.2121     0.1655      7.567 1.0000e-12  0.000e+00
    141.170    11.3193    30.5338   3.486084    195.076    89.2121     0.1655      7.567 1.0000e-12  0.000e+00
