site/notebooks/data/aplsurp_cruises_cnvs_2024/20240719_CTD07_mb.cnv
* Sea-Bird SBE 9 Data File:
* FileName = C:\Data\RC0122ctd\20240719_CTD07_mb.hex
* Software Version Seasave V 7.26.7.107
* Temperature SN = 1121
* Conductivity SN = 2881
* Number of Bytes Per Scan = 31
* Number of Voltage Words = 4
* Number of Scans Averaged by the Deck Unit = 1
* NMEA Latitude = 47 42.79 N
* NMEA Longitude = 122 25.35 W
* NMEA UTC (Time) = Jul 19 2024  16:35:05
* NMEA baud rate = 4800
** Ship: R/V Rachel Carson
** Cruise ID: RC0122
** Tech: Jalickee
** Chief Scientist: Boyar
** Station: nb
** Cast:  07
** off meadow brook
# nquan = 10
# nvalues = 25723                                 
# units = specified
# name 0 = depSM: Depth [salt water, m]
# name 1 = t090C: Temperature [ITS-90, deg C]
# name 2 = sal00: Salinity, Practical [PSU]
# name 3 = c0S/m: Conductivity [S/m]
# name 4 = sbox0Mm/Kg: Oxygen, SBE 43 [umol/kg]
# name 5 = CStarTr0: Beam Transmission, WET Labs C-Star [%]
# name 6 = flECO-AFL: Fluorescence, WET Labs ECO-AFL/FL [mg/m^3]
# name 7 = ph: pH
# name 8 = par: PAR/Irradiance, Biospherical/Licor
# name 9 = flag:  0.000e+00
# span 0 =      0.507,    185.956                 
# span 1 =    11.2099,    15.9344                 
# span 2 =    29.1613,    30.6853                 
# span 3 =   3.442900,   3.726548                 
# span 4 =    183.280,    410.957                 
# span 5 =    63.9802,    93.7802                 
# span 6 =     0.0776,     9.2058                 
# span 7 =      7.524,      8.233                 
# span 8 = 1.0000e-12, 4.1182e+03                 
# span 9 = 0.0000e+00, 0.0000e+00                 
# interval = seconds: 0.0416667
# start_time = Jul 19 2024 16:35:05 [NMEA time, header]
# bad_flag = -9.990e-29
*END*
[from data line 12685]
    185.860    11.3246    30.6838   3.503805    197.491    76.2602     0.3633      7.572 1.0000e-12  0.000e+00
    185.786    11.3253    30.6832   3.503793    197.487    76.2602     0.3706      7.572 1.0000e-12  0.000e+00
    185.846    11.3246    30.6839   3.503805    197.322    76.2602     0.3633      7.572 1.0000e-12  0.000e+00
    185.809    11.3251    30.6833   3.503793    197.471    76.2871     0.3633      7.577 1.0000e-12  0.000e+00
    185.786    11.3245    30.6840   3.503805    197.471    76.3677     0.3706      7.572 1.0000e-12  0.000e+00
    185.809    11.3246    30.6837   3.503793    197.302    76.4483     0.3633      7.572 1.0000e-12  0.000e+00
    185.846    11.3250    30.6834   3.503787    197.452    76.4483     0.3706      7.572 1.0000e-12  0.000e+00
    185.809    11.3246    30.6837   3.503787    197.298    76.4483     0.3633      7.577 1.0000e-12  0.000e+00
    185.786    11.3245    30.6838   3.503787    197.280    76.4483     0.3706      7.572 1.0000e-12  0.000e+00
    185.809    11.3248    30.6835   3.503787    197.262    76.4215     0.3633      7.572 1.0000e-12  0.000e+00
    185.786    11.3248    30.6836   3.503787    197.411    76.4483     0.3560      7.572 1.0000e-12  0.000e+00
    185.809    11.3250    30.6834   3.503787    197.409    76.4215     0.3560      7.572 1.0000e-12  0.000e+00
    185.786    11.3245    30.6838   3.503787    197.255    76.4483     0.3487      7.572 1.0000e-12  0.000e+00
    185.735    11.3245    30.6836   3.503762    197.252    76.4483     0.3560      7.572 1.0000e-12  0.000e+00
    185.860    11.3250    30.6835   3.503799    197.252    76.4215     0.3560      7.572 1.0000e-12  0.000e+00
    185.786    11.3251    30.6831   3.503768    197.417    76.4483     0.3487      7.572 1.0000e-12  0.000e+00
    185.809    11.3253    30.6828   3.503756    197.416    76.4215     0.3560      7.572 1.0000e-12  0.000e+00
    185.786    11.3256    30.6823   3.503731    197.245    76.4483     0.3487      7.577 1.0000e-12  0.000e+00
    185.750    11.3256    30.6823   3.503724    197.226    76.4215     0.3560      7.572 1.0000e-12  0.000e+00
    185.786    11.3261    30.6820   3.503743    197.208    76.4215     0.3560      7.572 1.0000e-12  0.000e+00
    185.750    11.3256    30.6824   3.503731    197.358    76.4483     0.3487      7.572 1.0000e-12  0.000e+00
    185.786    11.3255    30.6824   3.503724    197.525    76.4215     0.3560      7.572 1.0000e-12  0.000e+00
    185.750    11.3260    30.6822   3.503743    197.366    76.4483     0.3487      7.572 1.0000e-12  0.000e+00
    185.786    11.3255    30.6827   3.503756    197.364    76.4483     0.3560      7.572 1.0000e-12  0.000e+00
    185.735    11.3256    30.6824   3.503731    197.190    76.8783     0.3560      7.572 1.0000e-12  0.000e+00
    185.809    11.3258    30.6821   3.503724    197.170    77.2813     0.3487      7.577 1.0000e-12  0.000e+00
    185.735    11.3253    30.6828   3.503743    197.333    77.3619     0.3560      7.572 1.0000e-12  0.000e+00
    185.809    11.3261    30.6819   3.503731    197.176    77.3351     0.3487      7.577 1.0000e-12  0.000e+00
    185.735    11.3258    30.6819   3.503693    197.323    77.3082     0.3560      7.572 1.0000e-12  0.000e+00
    185.750    11.3256    30.6822   3.503712    197.318    77.3082     0.3560      7.572 1.0000e-12  0.000e+00
    185.735    11.3255    30.6821   3.503693    197.329    77.3351     0.3487      7.577 1.0000e-12  0.000e+00
    185.809    11.3255    30.6825   3.503737    197.324    77.3082     0.3560      7.572 1.0000e-12  0.000e+00
    185.735    11.3255    30.6827   3.503756    197.164    77.3082     0.3560      7.572 1.0000e-12  0.000e+00
    185.750    11.3250    30.6831   3.503756    197.161    77.3351     0.3487      7.572 1.0000e-12  0.000e+00
    185.735    11.3253    30.6826   3.503731    197.172    77.3082     0.3487      7.572 1.0000e-12  0.000e+00
    185.786    11.3255    30.6824   3.503724    197.186    77.3082     0.3413      7.572 1.0000e-12  0.000e+00
    185.750    11.3255    30.6824   3.503724    197.183    77.3351     0.3340      7.572 1.0000e-12  0.000e+00
    185.735    11.3256    30.6820   3.503693    197.165    77.3082     0.3340      7.572 1.0000e-12  0.000e+00
    185.750    11.3256    30.6824   3.503737    197.147    77.3082     0.3267      7.572 1.0000e-12  0.000e+00
    185.735    11.3256    30.6826   3.503756    197.145    77.3082     0.3340      7.572 1.0000e-12  0.000e+00
    185.750    11.3256    30.6819   3.503681    197.145    77.3351     0.3267      7.577 1.0000e-12  0.000e+00
    185.786    11.3253    30.6826   3.503731    197.314    77.3082     0.3340      7.572 1.0000e-12  0.000e+00
    185.750    11.3256    30.6826   3.503756    197.144    77.3082     0.3340      7.572 1.0000e-12  0.000e+00
    185.735    11.3253    30.6833   3.503799    197.127    77.3082     0.3267      7.577 1.0000e-12  0.000e+00
    185.750    11.3251    30.6831   3.503768    197.129    77.5232     0.3340      7.572 1.0000e-12  0.000e+00
    185.786    11.3251    30.6834   3.503799    197.130    77.8456     0.3267      7.572 1.0000e-12  0.000e+00
    185.735    11.3248    30.6832   3.503743    197.283    77.9531     0.3267      7.577 1.0000e-12  0.000e+00
    185.750    11.3250    30.6835   3.503793    197.299    77.9262     0.3340      7.572 1.0000e-12  0.000e+00
    185.786    11.3246    30.6840   3.503818    197.333    77.9262     0.3340      7.577 1.0000e-12  0.000e+00
    185.750    11.3250    30.6835   3.503793    197.349    77.9262     0.3267      7.572 1.0000e-12  0.000e+00
    185.786    11.3248    30.6837   3.503805    197.199    77.8994     0.3340      7.572 1.0000e-12  0.000e+00
    185.750    11.3245    30.6841   3.503818    197.017    77.9262     0.3267      7.572 1.0000e-12  0.000e+00
    185.786    11.3248    30.6836   3.503793    197.340    77.9262     0.3340      7.572 1.0000e-12  0.000e+00
    185.750    11.3246    30.6837   3.503787    197.358    77.9262     0.3267      7.577 1.0000e-12  0.000e+00
    185.786    11.3246    30.6839   3.503805    197.360    77.9262     0.3267      7.577 1.0000e-12  0.000e+00
    185.750    11.3248    30.6841   3.503836    197.208    77.8994     0.3340      7.572 1.0000e-12  0.000e+00
    185.786    11.3246    30.6838   3.503799    197.197    77.9262     0.3267      7.577 1.0000e-12  0.000e+00
    185.786    11.3245    30.6843   3.503830    197.351    77.9262     0.3340      7.572 1.0000e-12  0.000e+00
    185.750    11.3248    30.6839   3.503824    197.182    77.8994     0.3340      7.572 1.0000e-12  0.000e+00
    185.786    11.3245    30.6839   3.503793    197.355    77.9262     0.3267      7.577 1.0000e-12  0.000e+00
    185.809    11.3246    30.6839   3.503805    197.372    77.9262     0.3340      7.572 1.0000e-12  0.000e+00
    185.786    11.3251    30.6834   3.503793    197.372    77.9262     0.3267      7.577 1.0000e-12  0.000e+00
    185.750    11.3251    30.6835   3.503805    197.539    77.9262     0.3413      7.577 1.0000e-12  0.000e+00
    185.786    11.3248    30.6839   3.503818    197.388    77.8994     0.3560      7.572 1.0000e-12  0.000e+00
    185.809    11.3248    30.6836   3.503793    197.404    77.9262     0.3487      7.577 1.0000e-12  0.000e+00
    185.786    11.3248    30.6837   3.503805    197.586    77.8994     0.3560      7.572 1.0000e-12  0.000e+00
    185.809    11.3246    30.6840   3.503818    197.266    77.8994     0.3487      7.577 1.0000e-12  0.000e+00
    185.786    11.3251    30.6836   3.503818    197.246    77.9262     0.3487      7.572 1.0000e-12  0.000e+00
    185.786    11.3246    30.6840   3.503818    197.229    77.8994     0.3560      7.572 1.0000e-12  0.000e+00
    185.809    11.3246    30.6844   3.503861    197.060    77.8994     0.3487      7.577 1.0000e-12  0.000e+00
    185.786    11.3248    30.6840   3.503830    197.228    77.8994     0.3487      7.572 1.0000e-12  0.000e+00
    185.809    11.3245    30.6841   3.503818    197.399    77.8994     0.3560      7.572 1.0000e-12  0.000e+00
    185.846    11.3250    30.6837   3.503818    197.248    77.8994     0.3487      7.577 1.0000e-12  0.000e+00
    185.809    11.3250    30.6835   3.503793    197.400    77.9262     0.3560      7.572 1.0000e-12  0.000e+00
    185.786    11.3248    30.6837   3.503805    197.233    77.8994     0.3560      7.572 1.0000e-12  0.000e+00
    185.809    11.3248    30.6831   3.503743    197.236    77.8994     0.3487      7.577 1.0000e-12  0.000e+00
    185.786    11.3248    30.6834   3.503768    197.388    77.8994     0.3560      7.572 1.0000e-12  0.000e+00
    185.750    11.3250    30.6834   3.503787    197.404    77.9262     0.3487      7.577 1.0000e-12  0.000e+00
    185.735    11.3251    30.6833   3.503787    197.420    77.9262     0.3560      7.572 1.0000e-12  0.000e+00
    185.735    11.3255    30.6828   3.503762    197.268    77.8994     0.3560      7.572 1.0000e-12  0.000e+00
    185.698    11.3255    30.6827   3.503756    197.437    77.9262     0.3487      7.577 1.0000e-12  0.000e+00
    185.735    11.3251    30.6830   3.503756    197.441    77.8994     0.3560      7.572 1.0000e-12  0.000e+00
    185.646    11.3251    30.6832   3.503774    197.439    77.8994     0.3487      7.577 1.0000e-12  0.000e+00
    185.683    11.3251    30.6831   3.503762    197.272    77.8994     0.3560      7.572 1.0000e-12  0.000e+00
    185.646    11.3253    30.6831   3.503774    197.255    77.8725     0.3560      7.572 1.0000e-12  0.000e+00
    185.683    11.3246    30.6835   3.503762    197.242    77.7381     0.3487      7.572 1.0000e-12  0.000e+00
    185.587    11.3250    30.6839   3.503824    197.390    77.6575     0.3560      7.572 1.0000e-12  0.000e+00
    185.624    11.3245    30.6840   3.503799    197.224    77.6575     0.3487      7.577 1.0000e-12  0.000e+00
    185.587    11.3253    30.6834   3.503805    197.372    77.6575     0.3340      7.577 1.0000e-12  0.000e+00
    185.572    11.3251    30.6837   3.503818    197.371    77.6575     0.3194      7.572 1.0000e-12  0.000e+00
    185.521    11.3251    30.6837   3.503818    197.384    77.6575     0.3120      7.572 1.0000e-12  0.000e+00
    185.535    11.3245    30.6842   3.503818    197.552    77.6844     0.3120      7.572 1.0000e-12  0.000e+00
    185.461    11.3251    30.6839   3.503836    197.392    77.6575     0.3194      7.572 1.0000e-12  0.000e+00
    185.476    11.3248    30.6840   3.503824    197.558    77.6575     0.3120      7.572 1.0000e-12  0.000e+00
    185.410    11.3248    30.6840   3.503818    197.399    77.6575     0.3194      7.572 1.0000e-12  0.000e+00
    185.373    11.3246    30.6843   3.503836    197.241    77.6844     0.3120      7.572 1.0000e-12  0.000e+00
    185.351    11.3246    30.6842   3.503824    197.404    77.6844     0.3194      7.572 1.0000e-12  0.000e+00
    185.314    11.3250    30.6843   3.503861    197.413    77.6575     0.3194      7.572 1.0000e-12  0.000e+00
    185.299    11.3248    30.6842   3.503830    197.424    77.6844     0.3120      7.572 1.0000e-12  0.000e+00
    185.299    11.3245    30.6845   3.503836    197.588    77.6575     0.3194      7.572 1.0000e-12  0.000e+00
    185.210    11.3245    30.6847   3.503849    197.578    77.6844     0.3120      7.572 1.0000e-12  0.000e+00
    185.188    11.3246    30.6843   3.503824    197.601    77.6844     0.3120      7.577 1.0000e-12  0.000e+00
    185.210    11.3243    30.6843   3.503793    197.458    77.6575     0.3194      7.572 1.0000e-12  0.000e+00
    185.136    11.3246    30.6837   3.503762    197.295    77.6844     0.3120      7.572 1.0000e-12  0.000e+00
    185.099    11.3248    30.6830   3.503699    197.270    77.6844     0.3194      7.572 1.0000e-12  0.000e+00
    185.136    11.3250    30.6830   3.503712    197.246    77.7113     0.3194      7.572 1.0000e-12  0.000e+00
    185.099    11.3248    30.6836   3.503768    197.573    77.7381     0.3120      7.572 1.0000e-12  0.000e+00
    185.026    11.3251    30.6836   3.503786    197.408    77.7381     0.3194      7.572 1.0000e-12  0.000e+00
    185.026    11.3246    30.6838   3.503762    197.249    77.7381     0.3120      7.577 1.0000e-12  0.000e+00
    185.040    11.3248    30.6837   3.503774    197.408    77.7381     0.3194      7.572 1.0000e-12  0.000e+00
    184.974    11.3246    30.6835   3.503737    197.414    77.7381     0.3194      7.572 1.0000e-12  0.000e+00
    184.989    11.3250    30.6833   3.503743    197.270    77.7381     0.3120      7.572 1.0000e-12  0.000e+00
    184.915    11.3248    30.6838   3.503774    197.428    77.7381     0.3194      7.572 1.0000e-12  0.000e+00
    184.937    11.3248    30.6834   3.503737    197.270    77.7381     0.3194      7.572 1.0000e-12  0.000e+00
    184.915    11.3245    30.6838   3.503743    197.616    77.7650     0.2974      7.572 1.0000e-12  0.000e+00
    184.863    11.3250    30.6835   3.503755    197.454    77.7381     0.2827      7.572 1.0000e-12  0.000e+00
    184.826    11.3250    30.6833   3.503730    197.278    77.7381     0.2754      7.572 1.0000e-12  0.000e+00
    184.863    11.3248    30.6837   3.503768    197.423    77.7381     0.2827      7.572 1.0000e-12  0.000e+00
    184.774    11.3246    30.6836   3.503737    197.396    77.7381     0.2827      7.577 1.0000e-12  0.000e+00
    184.811    11.3248    30.6831   3.503699    197.387    77.7381     0.2754      7.572 1.0000e-12  0.000e+00
    184.715    11.3251    30.6825   3.503662    197.390    77.7381     0.2827      7.572 1.0000e-12  0.000e+00
    184.752    11.3245    30.6827   3.503631    197.383    77.7381     0.2827      7.572 1.0000e-12  0.000e+00
    184.715    11.3250    30.6823   3.503625    197.218    77.7381     0.2754      7.572 1.0000e-12  0.000e+00
    184.701    11.3248    30.6822   3.503600    197.192    77.7381     0.2827      7.572 1.0000e-12  0.000e+00
    184.649    11.3250    30.6813   3.503519    197.165    77.7381     0.2754      7.572 1.0000e-12  0.000e+00
    184.664    11.3250    30.6813   3.503519    197.324    78.2756     0.2827      7.572 1.0000e-12  0.000e+00
    184.590    11.3248    30.6811   3.503482    197.329    78.8399     0.2827      7.572 1.0000e-12  0.000e+00
    184.605    11.3256    30.6803   3.503469    197.333    78.9742     0.2754      7.572 1.0000e-12  0.000e+00
    184.590    11.3253    30.6803   3.503445    197.323    78.9473     0.2754      7.572 1.0000e-12  0.000e+00
    184.553    11.3258    30.6800   3.503457    197.326    78.9205     0.2827      7.572 1.0000e-12  0.000e+00
    184.479    11.3255    30.6802   3.503444    196.995    78.9205     0.2754      7.572 1.0000e-12  0.000e+00
    184.479    11.3255    30.6803   3.503457    197.137    78.9205     0.2827      7.572 1.0000e-12  0.000e+00
    184.442    11.3256    30.6803   3.503469    197.111    78.9205     0.2827      7.572 1.0000e-12  0.000e+00
    184.427    11.3258    30.6804   3.503488    197.085    78.9205     0.2754      7.572 1.0000e-12  0.000e+00
    184.339    11.3256    30.6807   3.503500    197.225    78.9205     0.2827      7.572 1.0000e-12  0.000e+00
    184.317    11.3255    30.6810   3.503519    197.064    78.9205     0.2827      7.572 1.0000e-12  0.000e+00
    184.317    11.3255    30.6811   3.503531    197.039    78.9205     0.2754      7.572 1.0000e-12  0.000e+00
    184.176    11.3255    30.6809   3.503507    197.027    78.9205     0.2827      7.572 1.0000e-12  0.000e+00
    184.317    11.3256    30.6811   3.503544    196.854    78.9205     0.2754      7.572 1.0000e-12  0.000e+00
    184.176    11.3258    30.6819   3.503631    196.994    78.9205     0.2754      7.572 1.0000e-12  0.000e+00
    184.213    11.3255    30.6819   3.503606    197.007    78.9205     0.2754      7.572 1.0000e-12  0.000e+00
    184.117    11.3253    30.6824   3.503637    197.000    78.9205     0.2681      7.572 1.0000e-12  0.000e+00
    184.102    11.3253    30.6826   3.503656    197.012    78.9205     0.2608      7.572 1.0000e-12  0.000e+00
