site/notebooks/data/aplsurp_cruises_cnvs_2024/20240718_CTD05_p28.cnv
* Sea-Bird SBE 9 Data File:
* FileName = C:\Data\RC0122ctd\20240718_CTD05_p28.hex
* Software Version Seasave V 7.26.7.107
* Temperature SN = 1121
* Conductivity SN = 2881
* Number of Bytes Per Scan = 31
* Number of Voltage Words = 4
* Number of Scans Averaged by the Deck Unit = 1
* NMEA Latitude = 47 42.80 N
* NMEA Longitude = 122 25.16 W
* NMEA UTC (Time) = Jul 18 2024  15:54:00
* NMEA baud rate = 4800
** Ship: R/V Rachel Carson
** Cruise ID: RC0121
** Tech: Jalickee
** Chief Scientist: Boyar
** Station: p28
** Cast:  05
# nquan = 10
# nvalues = 26928                                 
# units = specified
# name 0 = depSM: Depth [salt water, m]
# name 1 = t090C: Temperature [ITS-90, deg C]
# name 2 = sal00: Salinity, Practical [PSU]
# name 3 = c0S/m: Conductivity [S/m]
# name 4 = sbox0Mm/Kg: Oxygen, SBE 43 [umol/kg]
# name 5 = CStarTr0: Beam Transmission, WET Labs C-Star [%]
# name 6 = flECO-AFL: Fluorescence, WET Labs ECO-AFL/FL [mg/m^3]
# name 7 = ph: pH
# name 8 = par: PAR/Irradiance, Biospherical/Licor
# name 9 = flag:  0.000e+00
# span 0 =      0.619,    180.351                 
# span 1 =    11.1966,    16.1026                 
# span 2 =    29.2562,    30.7725                 
# span 3 =   3.442453,   3.755137                 
# span 4 =    186.942,    411.365                 
# span 5 =    61.9648,    93.5652                 
# span 6 =     0.0776,     8.7223                 
# span 7 =      7.539,      8.284                 
# span 8 = 1.0000e-12, 4.0607e+03                 
# span 9 = 0.0000e+00, 0.0000e+00                 
# interval = seconds: 0.0416667
# start_time = Jul 18 2024 15:54:00 [NMEA time, header]
# bad_flag = -9.990e-29
*END*
[from data line 2019]
      6.369    13.6948    29.6964   3.593116    330.494    74.6211     5.9897      7.978 1.3708e+02  0.000e+00
      6.317    13.6954    29.6966   3.593185    330.315    74.6211     5.9897      7.973 1.3747e+02  0.000e+00
      6.354    13.6960    29.6961   3.593185    330.139    74.3524     5.9897      7.978 1.3708e+02  0.000e+00
      6.317    13.6970    29.6948   3.593122    330.102    73.9762     5.9897      7.973 1.3708e+02  0.000e+00
      6.354    13.6971    29.6939   3.593035    330.227    73.8687     5.9897      7.978 1.3670e+02  0.000e+00
      6.317    13.6977    29.6937   3.593066    330.058    73.8687     5.9970      7.978 1.3670e+02  0.000e+00
      6.354    13.6979    29.6917   3.592859    330.184    73.9224     5.9897      7.973 1.3631e+02  0.000e+00
      6.317    13.6981    29.6929   3.593003    330.143    73.9224     5.9897      7.978 1.3516e+02  0.000e+00
      6.354    13.6980    29.6938   3.593104    330.287    73.8956     5.9897      7.973 1.3440e+02  0.000e+00
      6.317    13.6979    29.6940   3.593110    330.145    73.9224     5.9897      7.978 1.3478e+02  0.000e+00
      6.354    13.6979    29.6940   3.593110    330.290    73.8956     5.9897      7.973 1.3364e+02  0.000e+00
      6.317    13.6980    29.6939   3.593110    330.146    73.8956     5.9897      7.978 1.3326e+02  0.000e+00
      6.295    13.6996    29.6929   3.593135    330.306    73.8956     5.9897      7.973 1.3288e+02  0.000e+00
      6.369    13.6994    29.6929   3.593122    330.182    73.9224     5.9897      7.978 1.3251e+02  0.000e+00
      6.295    13.7001    29.6921   3.593085    330.022    73.8956     5.9897      7.973 1.3213e+02  0.000e+00
      6.369    13.6992    29.6928   3.593097    330.031    73.8956     5.9897      7.978 1.3213e+02  0.000e+00
      6.295    13.6989    29.6932   3.593110    330.007    73.8956     5.9897      7.973 1.3251e+02  0.000e+00
      6.317    13.6996    29.6922   3.593060    329.995    73.9224     5.8945      7.978 1.3326e+02  0.000e+00
      6.354    13.6992    29.6925   3.593066    329.975    73.8956     5.8139      7.973 1.3326e+02  0.000e+00
      6.317    13.6997    29.6925   3.593104    329.961    73.9224     5.7919      7.978 1.3364e+02  0.000e+00
      6.295    13.7001    29.6918   3.593060    330.260    73.8956     5.7992      7.973 1.3516e+02  0.000e+00
      6.317    13.6996    29.6921   3.593047    330.448    73.8956     5.7992      7.978 1.3554e+02  0.000e+00
      6.354    13.7002    29.6921   3.593097    330.318    73.9493     5.8065      7.973 1.3631e+02  0.000e+00
      6.317    13.7004    29.6920   3.593110    330.343    74.0568     5.7992      7.978 1.3747e+02  0.000e+00
      6.295    13.6996    29.6927   3.593110    330.207    74.0837     5.8065      7.973 1.3825e+02  0.000e+00
      6.317    13.6982    29.6940   3.593135    330.384    74.0837     5.7992      7.978 1.3865e+02  0.000e+00
      6.354    13.6981    29.6937   3.593091    330.248    74.0837     5.8065      7.973 1.4022e+02  0.000e+00
      6.317    13.6972    29.6941   3.593060    330.576    74.0837     5.7992      7.978 1.4022e+02  0.000e+00
      6.295    13.6972    29.6942   3.593072    330.474    74.0568     5.8065      7.978 1.4062e+02  0.000e+00
      6.317    13.6974    29.6939   3.593053    330.644    74.0837     5.8065      7.973 1.4142e+02  0.000e+00
      6.295    13.6970    29.6939   3.593028    330.517    74.0837     5.7992      7.978 1.4182e+02  0.000e+00
      6.317    13.6972    29.6936   3.593010    330.518    74.0837     5.8065      7.973 1.4182e+02  0.000e+00
      6.295    13.6972    29.6938   3.593035    330.542    74.0837     5.7992      7.978 1.4182e+02  0.000e+00
      6.317    13.6979    29.6937   3.593072    330.551    74.0568     5.8065      7.973 1.4182e+02  0.000e+00
      6.295    13.6982    29.6932   3.593053    330.560    74.0837     5.7992      7.978 1.4222e+02  0.000e+00
      6.317    13.6991    29.6925   3.593047    330.710    74.0837     5.8065      7.973 1.4182e+02  0.000e+00
      6.295    13.6994    29.6920   3.593016    330.730    74.0837     5.7992      7.978 1.4142e+02  0.000e+00
      6.317    13.6999    29.6922   3.593085    330.748    74.0568     5.8065      7.973 1.4142e+02  0.000e+00
      6.295    13.7002    29.6920   3.593091    330.779    74.0837     5.7992      7.978 1.4102e+02  0.000e+00
      6.317    13.7004    29.6915   3.593053    330.786    74.0837     5.7992      7.973 1.4062e+02  0.000e+00
      6.295    13.6998    29.6913   3.592972    330.654    74.0837     5.7992      7.978 1.4022e+02  0.000e+00
      6.258    13.6994    29.6925   3.593072    330.643    74.0568     5.7992      7.973 1.4022e+02  0.000e+00
      6.295    13.6999    29.6924   3.593110    330.645    74.1105     5.7992      7.978 1.3983e+02  0.000e+00
      6.317    13.6998    29.6934   3.593204    330.635    74.2449     6.0996      7.973 1.3983e+02  0.000e+00
      6.295    13.6997    29.6933   3.593191    330.623    74.3255     6.6783      7.978 1.3943e+02  0.000e+00
      6.317    13.6999    29.6930   3.593173    330.443    74.2986     6.8615      7.978 1.3943e+02  0.000e+00
      6.294    13.6997    29.6931   3.593173    330.727    74.3255     6.8468      7.973 1.3904e+02  0.000e+00
      6.317    13.6996    29.6933   3.593173    330.572    74.2986     6.8249      7.978 1.3904e+02  0.000e+00
      6.243    13.6994    29.6934   3.593173    330.567    74.3255     6.8175      7.973 1.3825e+02  0.000e+00
      6.317    13.6992    29.6934   3.593154    330.426    74.3255     6.8175      7.978 1.3825e+02  0.000e+00
      6.294    13.6990    29.6940   3.593210    330.564    74.3255     6.8175      7.973 1.3825e+02  0.000e+00
      6.317    13.6987    29.6943   3.593210    330.550    74.2986     6.8175      7.978 1.3786e+02  0.000e+00
      6.294    13.6996    29.6936   3.593204    330.528    74.2986     6.8175      7.973 1.3747e+02  0.000e+00
      6.258    13.6996    29.6936   3.593204    330.366    74.3255     6.8175      7.978 1.3747e+02  0.000e+00
      6.294    13.7004    29.6931   3.593223    330.486    74.2986     6.8175      7.973 1.3708e+02  0.000e+00
      6.316    13.7011    29.6929   3.593260    330.477    74.2986     6.8175      7.978 1.3708e+02  0.000e+00
      6.294    13.7021    29.6922   3.593267    330.464    74.2986     6.8175      7.978 1.3708e+02  0.000e+00
      6.257    13.7036    29.6915   3.593317    330.305    74.2986     6.8175      7.978 1.3747e+02  0.000e+00
      6.294    13.7039    29.6914   3.593336    330.439    74.3255     6.8175      7.973 1.3747e+02  0.000e+00
      6.316    13.7041    29.6908   3.593286    330.291    74.2986     6.8175      7.978 1.3747e+02  0.000e+00
      6.206    13.7033    29.6909   3.593223    330.428    74.3255     6.8175      7.973 1.3747e+02  0.000e+00
      6.405    13.7021    29.6916   3.593204    330.293    74.2986     6.8175      7.978 1.3786e+02  0.000e+00
      6.257    13.7011    29.6917   3.593129    330.429    74.2986     6.8175      7.973 1.3747e+02  0.000e+00
      6.294    13.7007    29.6918   3.593110    330.412    73.9493     6.8175      7.978 1.3786e+02  0.000e+00
      6.316    13.7009    29.6920   3.593154    330.389    73.7612     6.8175      7.973 1.3747e+02  0.000e+00
      6.294    13.7006    29.6927   3.593191    330.366    73.7344     6.8175      7.978 1.3786e+02  0.000e+00
      6.316    13.7004    29.6931   3.593229    330.343    73.7344     6.8175      7.973 1.3786e+02  0.000e+00
      6.294    13.7008    29.6934   3.593286    330.314    73.7344     6.8249      7.978 1.3865e+02  0.000e+00
      6.257    13.7001    29.6937   3.593254    330.291    73.7612     6.8175      7.973 1.3865e+02  0.000e+00
      6.294    13.6992    29.6943   3.593260    330.296    73.7344     6.7296      7.978 1.3865e+02  0.000e+00
      6.316    13.6989    29.6944   3.593242    330.312    73.7344     6.1289      7.973 1.3904e+02  0.000e+00
      6.294    13.6990    29.6943   3.593235    330.310    73.7612     5.8432      7.978 1.3943e+02  0.000e+00
      6.316    13.6999    29.6938   3.593260    330.306    73.7344     5.8212      7.973 1.3904e+02  0.000e+00
      6.294    13.7009    29.6933   3.593292    330.286    73.7344     5.8505      7.978 1.3865e+02  0.000e+00
      6.257    13.7012    29.6923   3.593210    330.439    73.7344     5.8652      7.973 1.3865e+02  0.000e+00
      6.294    13.7016    29.6908   3.593079    330.285    73.7612     5.8578      7.978 1.3865e+02  0.000e+00
      6.316    13.7007    29.6907   3.592991    330.459    73.7344     5.8652      7.973 1.3825e+02  0.000e+00
      6.294    13.6992    29.6909   3.592884    330.324    73.7612     5.8578      7.978 1.3825e+02  0.000e+00
      6.316    13.6986    29.6915   3.592897    330.494    73.7344     5.8652      7.973 1.3825e+02  0.000e+00
      6.294    13.6979    29.6926   3.592959    330.507    73.7612     5.8578      7.978 1.3825e+02  0.000e+00
      6.316    13.6981    29.6933   3.593053    330.670    73.7344     5.8652      7.973 1.3825e+02  0.000e+00
      6.294    13.6974    29.6941   3.593079    330.385    73.7344     5.8578      7.978 1.3825e+02  0.000e+00
      6.316    13.6967    29.6949   3.593104    330.541    73.7344     5.8652      7.973 1.3786e+02  0.000e+00
      6.294    13.6964    29.6945   3.593035    330.397    73.7881     5.8578      7.978 1.3825e+02  0.000e+00
      6.316    13.6965    29.6939   3.592984    330.563    73.8150     5.8652      7.973 1.3786e+02  0.000e+00
      6.294    13.6962    29.6946   3.593035    330.585    73.8150     5.8578      7.978 1.3786e+02  0.000e+00
      6.316    13.6967    29.6943   3.593047    330.605    73.8150     5.8652      7.973 1.3747e+02  0.000e+00
      6.294    13.6967    29.6941   3.593016    330.472    73.8150     5.8578      7.978 1.3747e+02  0.000e+00
      6.316    13.6970    29.6938   3.593016    330.637    73.8150     5.8652      7.973 1.3708e+02  0.000e+00
      6.294    13.6969    29.6930   3.592915    330.493    73.8150     5.8578      7.978 1.3631e+02  0.000e+00
      6.316    13.6967    29.6930   3.592903    330.492    73.8150     5.8578      7.973 1.3593e+02  0.000e+00
      6.294    13.6965    29.6931   3.592897    330.489    73.8150     5.8578      7.978 1.3554e+02  0.000e+00
      6.368    13.6957    29.6936   3.592884    330.648    73.8150     5.8652      7.973 1.3516e+02  0.000e+00
      6.294    13.6955    29.6933   3.592834    330.501    73.8150     5.8578      7.978 1.3478e+02  0.000e+00
      6.316    13.6948    29.6937   3.592821    330.489    73.8150     5.8652      7.973 1.3478e+02  0.000e+00
      6.294    13.6945    29.6942   3.592846    330.653    73.8150     5.8578      7.978 1.3440e+02  0.000e+00
      6.316    13.6943    29.6949   3.592903    330.662    73.8150     6.0776      7.973 1.3440e+02  0.000e+00
      6.353    13.6945    29.6946   3.592890    330.671    73.8150     6.2461      7.978 1.3440e+02  0.000e+00
      6.316    13.6945    29.6941   3.592834    330.510    73.8150     6.2754      7.973 1.3478e+02  0.000e+00
      6.294    13.6943    29.6864   3.591981    330.677    73.8150     6.2608      7.978 1.3478e+02  0.000e+00
      6.316    13.6940    29.6901   3.592351    330.523    73.8150     6.2608      7.973 1.3516e+02  0.000e+00
      6.294    13.6937    29.6944   3.592803    330.663    73.8418     6.2534      7.978 1.3516e+02  0.000e+00
      6.316    13.6935    29.6958   3.592934    330.499    73.8150     6.2534      7.973 1.3516e+02  0.000e+00
      6.353    13.6948    29.6958   3.593047    330.639    73.7881     6.2534      7.978 1.3516e+02  0.000e+00
      6.316    13.6959    29.6950   3.593053    330.482    73.7344     6.2534      7.973 1.3516e+02  0.000e+00
      6.294    13.6969    29.6941   3.593028    330.624    73.7344     6.2534      7.973 1.3478e+02  0.000e+00
      6.316    13.6967    29.6934   3.592941    330.618    73.7075     6.2608      7.978 1.3516e+02  0.000e+00
      6.353    13.6959    29.6933   3.592865    330.784    73.7344     6.2534      7.978 1.3478e+02  0.000e+00
      6.316    13.6958    29.6931   3.592834    330.475    73.7344     6.2534      7.973 1.3516e+02  0.000e+00
      6.294    13.6946    29.6936   3.592796    330.624    73.7344     6.2534      7.978 1.3478e+02  0.000e+00
      6.316    13.6942    29.6938   3.592771    330.616    73.7344     6.2608      7.973 1.3516e+02  0.000e+00
      6.353    13.6936    29.6940   3.592759    330.775    73.7344     6.2534      7.973 1.3516e+02  0.000e+00
      6.316    13.6935    29.6942   3.592759    330.631    73.7344     6.2534      7.978 1.3516e+02  0.000e+00
      6.294    13.6933    29.6932   3.592639    330.632    73.7344     6.2534      7.973 1.3516e+02  0.000e+00
      6.316    13.6940    29.6934   3.592715    330.626    73.7344     6.2461      7.978 1.3593e+02  0.000e+00
      6.353    13.6942    29.6943   3.592828    330.622    73.7344     6.2608      7.973 1.3593e+02  0.000e+00
      6.316    13.6945    29.6945   3.592878    330.614    73.7344     6.2608      7.973 1.3631e+02  0.000e+00
      6.294    13.6945    29.6946   3.592884    330.764    73.7344     6.2534      7.978 1.3670e+02  0.000e+00
      6.316    13.6950    29.6943   3.592903    330.770    73.7075     6.2608      7.973 1.3708e+02  0.000e+00
      6.353    13.6950    29.6946   3.592941    330.623    73.7344     6.2534      7.978 1.3708e+02  0.000e+00
      6.316    13.6962    29.6940   3.592972    330.764    73.7075     6.2608      7.973 1.3708e+02  0.000e+00
      6.257    13.6962    29.6943   3.592997    330.611    73.7344     6.2534      7.978 1.3747e+02  0.000e+00
      6.353    13.6959    29.6949   3.593041    330.762    73.7344     6.1948      7.973 1.3747e+02  0.000e+00
      6.316    13.6962    29.6950   3.593072    330.621    73.7881     6.0923      7.978 1.3786e+02  0.000e+00
      6.353    13.6962    29.6952   3.593097    330.768    73.9493     6.0630      7.973 1.3786e+02  0.000e+00
      6.316    13.6960    29.6953   3.593091    330.783    74.0299     6.0630      7.978 1.3786e+02  0.000e+00
      6.294    13.6962    29.6950   3.593079    330.784    74.0031     6.0703      7.973 1.3747e+02  0.000e+00
      6.316    13.6969    29.6941   3.593035    330.642    74.0031     6.0703      7.978 1.3708e+02  0.000e+00
      6.294    13.6971    29.6940   3.593041    330.796    74.0299     6.0703      7.978 1.3708e+02  0.000e+00
      6.316    13.6974    29.6940   3.593066    330.822    74.0031     6.0703      7.973 1.3670e+02  0.000e+00
      6.294    13.6980    29.6929   3.593003    330.820    74.0031     6.0703      7.978 1.3631e+02  0.000e+00
      6.316    13.6987    29.6919   3.592953    330.676    74.0031     6.0703      7.978 1.3631e+02  0.000e+00
      6.294    13.6986    29.6924   3.592991    330.662    74.0031     6.0703      7.978 1.3631e+02  0.000e+00
      6.316    13.6977    29.6928   3.592966    330.667    74.0031     6.0703      7.973 1.3670e+02  0.000e+00
      6.294    13.6972    29.6932   3.592972    330.823    74.0031     6.0703      7.978 1.3670e+02  0.000e+00
      6.316    13.6972    29.6929   3.592928    330.837    74.0031     6.0703      7.973 1.3708e+02  0.000e+00
      6.294    13.6977    29.6924   3.592915    330.676    74.0031     6.0703      7.978 1.3747e+02  0.000e+00
      6.316    13.6976    29.6929   3.592959    330.675    74.0031     6.0703      7.973 1.3786e+02  0.000e+00
      6.293    13.6975    29.6931   3.592978    330.658    74.0031     6.0703      7.978 1.3786e+02  0.000e+00
      6.316    13.6981    29.6924   3.592953    330.641    74.0031     6.0703      7.978 1.3904e+02  0.000e+00
      6.293    13.6987    29.6919   3.592947    330.775    74.0031     6.0703      7.978 1.3943e+02  0.000e+00
      6.316    13.6999    29.6915   3.593003    330.623    74.0031     6.0703      7.973 1.3983e+02  0.000e+00
      6.293    13.7002    29.6913   3.593010    330.603    74.0299     6.0703      7.978 1.4022e+02  0.000e+00
