site/notebooks/data/aplsurp_cruises_cnvs_2024/20240718_CTD05_p28.cnv
* Sea-Bird SBE 9 Data File:
* FileName = C:\Data\RC0122ctd\20240718_CTD05_p28.hex
* Software Version Seasave V 7.26.7.107
* Temperature SN = 1121
* Conductivity SN = 2881
* Number of Bytes Per Scan = 31
* Number of Voltage Words = 4
* Number of Scans Averaged by the Deck Unit = 1
* NMEA Latitude = 47 42.80 N
* NMEA Longitude = 122 25.16 W
* NMEA UTC (Time) = Jul 18 2024  15:54:00
* NMEA baud rate = 4800
** Ship: R/V Rachel Carson
** Cruise ID: RC0121
** Tech: Jalickee
** Chief Scientist: Boyar
** Station: p28
** Cast:  05
# nquan = 10
# nvalues = 26928                                 
# units = specified
# name 0 = depSM: Depth [salt water, m]
# name 1 = t090C: Temperature [ITS-90, deg C]
# name 2 = sal00: Salinity, Practical [PSU]
# name 3 = c0S/m: Conductivity [S/m]
# name 4 = sbox0Mm/Kg: Oxygen, SBE 43 [umol/kg]
# name 5 = CStarTr0: Beam Transmission, WET Labs C-Star [%]
# name 6 = flECO-AFL: Fluorescence, WET Labs ECO-AFL/FL [mg/m^3]
# name 7 = ph: pH
# name 8 = par: PAR/Irradiance, Biospherical/Licor
# name 9 = flag:  0.000e+00
# span 0 =      0.619,    180.351                 
# span 1 =    11.1966,    16.1026                 
# span 2 =    29.2562,    30.7725                 
# span 3 =   3.442453,   3.755137                 
# span 4 =    186.942,    411.365                 
# span 5 =    61.9648,    93.5652                 
# span 6 =     0.0776,     8.7223                 
# span 7 =      7.539,      8.284                 
# span 8 = 1.0000e-12, 4.0607e+03                 
# span 9 = 0.0000e+00, 0.0000e+00                 
# interval = seconds: 0.0416667
# start_time = Jul 18 2024 15:54:00 [NMEA time, header]
# bad_flag = -9.990e-29
*END*
[from data line 17010]
    163.954    11.3351    30.6413   3.499419    197.426    81.7419     0.2021      7.581 1.0000e-12  0.000e+00
    163.954    11.3351    30.6408   3.499376    197.414    81.7419     0.2021      7.581 1.0000e-12  0.000e+00
    163.902    11.3351    30.6404   3.499326    197.419    81.7151     0.2095      7.577 1.0000e-12  0.000e+00
    163.850    11.3351    30.6399   3.499270    197.409    81.7151     0.2095      7.581 1.0000e-12  0.000e+00
    163.791    11.3354    30.6395   3.499258    197.566    81.7419     0.2021      7.581 1.0000e-12  0.000e+00
    163.850    11.3356    30.6397   3.499301    197.575    81.7151     0.2095      7.577 1.0000e-12  0.000e+00
    163.740    11.3354    30.6399   3.499295    197.415    81.7151     0.2095      7.581 1.0000e-12  0.000e+00
    163.740    11.3353    30.6401   3.499307    197.410    81.7419     0.2021      7.581 1.0000e-12  0.000e+00
    163.688    11.3353    30.6403   3.499320    197.404    81.7419     0.2095      7.577 1.0000e-12  0.000e+00
    163.688    11.3351    30.6402   3.499295    197.403    81.7419     0.2095      7.581 1.0000e-12  0.000e+00
    163.629    11.3353    30.6402   3.499307    197.383    81.9300     0.2021      7.581 1.0000e-12  0.000e+00
    163.577    11.3354    30.6397   3.499270    197.532    82.0375     0.2021      7.577 1.0000e-12  0.000e+00
    163.577    11.3351    30.6394   3.499214    197.365    82.0375     0.2095      7.581 1.0000e-12  0.000e+00
    163.577    11.3353    30.6389   3.499171    197.349    82.0375     0.2021      7.581 1.0000e-12  0.000e+00
    163.466    11.3354    30.6389   3.499183    197.346    82.0375     0.2021      7.581 1.0000e-12  0.000e+00
    163.525    11.3354    30.6390   3.499195    197.349    82.0106     0.2095      7.577 1.0000e-12  0.000e+00
    163.415    11.3351    30.6395   3.499214    197.167    82.0375     0.2095      7.581 1.0000e-12  0.000e+00
    163.466    11.3351    30.6393   3.499202    197.141    82.0375     0.2021      7.581 1.0000e-12  0.000e+00
    163.415    11.3351    30.6393   3.499195    197.114    82.0106     0.2095      7.581 1.0000e-12  0.000e+00
    163.356    11.3354    30.6388   3.499171    197.119    82.0375     0.2095      7.581 1.0000e-12  0.000e+00
    163.356    11.3356    30.6384   3.499140    197.129    82.0375     0.2168      7.581 1.0000e-12  0.000e+00
    163.304    11.3354    30.6386   3.499152    197.292    82.0375     0.2315      7.577 1.0000e-12  0.000e+00
    163.304    11.3353    30.6391   3.499183    197.139    82.0375     0.2388      7.581 1.0000e-12  0.000e+00
    163.252    11.3354    30.6389   3.499171    197.305    82.0375     0.2315      7.581 1.0000e-12  0.000e+00
    163.252    11.3356    30.6386   3.499164    197.305    82.0375     0.2315      7.577 1.0000e-12  0.000e+00
    163.215    11.3353    30.6392   3.499189    197.457    82.0375     0.2388      7.581 1.0000e-12  0.000e+00
    163.141    11.3351    30.6396   3.499214    197.321    82.0375     0.2315      7.581 1.0000e-12  0.000e+00
    163.193    11.3348    30.6397   3.499202    197.325    82.0375     0.2315      7.581 1.0000e-12  0.000e+00
    163.090    11.3349    30.6398   3.499214    197.157    82.0106     0.2388      7.581 1.0000e-12  0.000e+00
    163.090    11.3353    30.6396   3.499226    197.144    82.0106     0.2315      7.581 1.0000e-12  0.000e+00
    163.031    11.3349    30.6394   3.499177    197.468    82.2525     0.2315      7.581 1.0000e-12  0.000e+00
    163.090    11.3353    30.6383   3.499090    197.491    82.4406     0.2388      7.577 1.0000e-12  0.000e+00
    162.979    11.3349    30.6383   3.499065    197.343    82.4674     0.2388      7.581 1.0000e-12  0.000e+00
    162.920    11.3353    30.6376   3.499015    197.363    82.4674     0.2315      7.581 1.0000e-12  0.000e+00
    162.979    11.3353    30.6375   3.499003    197.221    82.4406     0.2388      7.577 1.0000e-12  0.000e+00
    162.868    11.3354    30.6370   3.498965    197.061    82.4406     0.2315      7.581 1.0000e-12  0.000e+00
    162.868    11.3356    30.6364   3.498916    197.225    82.4674     0.2315      7.581 1.0000e-12  0.000e+00
    162.868    11.3353    30.6370   3.498953    197.224    82.4674     0.2315      7.581 1.0000e-12  0.000e+00
    162.757    11.3353    30.6365   3.498897    197.372    82.4406     0.2388      7.577 1.0000e-12  0.000e+00
    162.757    11.3351    30.6367   3.498897    197.220    82.4674     0.2388      7.581 1.0000e-12  0.000e+00
    162.757    11.3354    30.6363   3.498885    197.220    82.4674     0.2315      7.581 1.0000e-12  0.000e+00
    162.654    11.3353    30.6361   3.498854    197.371    82.4406     0.2388      7.577 1.0000e-12  0.000e+00
    162.706    11.3354    30.6357   3.498823    197.223    82.4674     0.2388      7.581 1.0000e-12  0.000e+00
    162.595    11.3353    30.6362   3.498860    197.240    82.4674     0.2315      7.581 1.0000e-12  0.000e+00
    162.595    11.3358    30.6362   3.498897    197.243    82.4674     0.2388      7.577 1.0000e-12  0.000e+00
    162.617    11.3351    30.6365   3.498872    197.252    82.4406     0.2388      7.581 1.0000e-12  0.000e+00
    162.543    11.3356    30.6359   3.498847    197.090    82.4674     0.2315      7.581 1.0000e-12  0.000e+00
    162.484    11.3353    30.6363   3.498866    197.250    82.4674     0.2241      7.581 1.0000e-12  0.000e+00
    162.484    11.3356    30.6357   3.498829    197.412    82.4406     0.2241      7.577 1.0000e-12  0.000e+00
    162.433    11.3353    30.6359   3.498816    197.255    82.4406     0.2241      7.581 1.0000e-12  0.000e+00
    162.433    11.3354    30.6355   3.498792    197.250    82.4674     0.2168      7.581 1.0000e-12  0.000e+00
    162.381    11.3353    30.6358   3.498804    197.245    82.4674     0.2168      7.577 1.0000e-12  0.000e+00
    162.381    11.3356    30.6354   3.498791    197.241    82.4674     0.2241      7.581 1.0000e-12  0.000e+00
    162.322    11.3356    30.6355   3.498804    197.086    82.4674     0.2168      7.581 1.0000e-12  0.000e+00
    162.270    11.3353    30.6359   3.498816    197.086    82.4674     0.2168      7.581 1.0000e-12  0.000e+00
    162.270    11.3354    30.6359   3.498822    197.238    82.4674     0.2241      7.581 1.0000e-12  0.000e+00
    162.218    11.3351    30.6359   3.498791    197.240    82.4674     0.2168      7.581 1.0000e-12  0.000e+00
    162.159    11.3356    30.6361   3.498853    197.406    82.4674     0.2168      7.581 1.0000e-12  0.000e+00
    162.159    11.3354    30.6365   3.498878    197.424    82.4674     0.2241      7.577 1.0000e-12  0.000e+00
    162.108    11.3356    30.6363   3.498878    197.274    82.4674     0.2241      7.581 1.0000e-12  0.000e+00
    162.108    11.3356    30.6356   3.498804    197.461    82.4674     0.2168      7.581 1.0000e-12  0.000e+00
    162.071    11.3354    30.6353   3.498760    197.314    82.4674     0.2241      7.577 1.0000e-12  0.000e+00
    161.997    11.3351    30.6356   3.498754    197.151    82.4674     0.2241      7.581 1.0000e-12  0.000e+00
    161.997    11.3354    30.6351   3.498729    197.307    82.4674     0.2168      7.581 1.0000e-12  0.000e+00
    161.945    11.3351    30.6353   3.498723    197.481    82.4674     0.2241      7.577 1.0000e-12  0.000e+00
    161.945    11.3354    30.6346   3.498680    197.486    82.4674     0.2241      7.581 1.0000e-12  0.000e+00
    161.886    11.3354    30.6349   3.498704    197.322    82.4674     0.2168      7.581 1.0000e-12  0.000e+00
    161.834    11.3353    30.6352   3.498723    197.311    82.4674     0.2168      7.581 1.0000e-12  0.000e+00
    161.834    11.3356    30.6353   3.498766    197.299    82.4674     0.2241      7.577 1.0000e-12  0.000e+00
    161.783    11.3351    30.6357   3.498760    197.122    82.4674     0.2168      7.581 1.0000e-12  0.000e+00
    161.783    11.3351    30.6357   3.498754    197.113    82.5212     0.2168      7.581 1.0000e-12  0.000e+00
    161.724    11.3353    30.6357   3.498773    197.253    82.7362     0.2241      7.581 1.0000e-12  0.000e+00
    161.672    11.3351    30.6355   3.498735    197.094    82.8168     0.2241      7.581 1.0000e-12  0.000e+00
    161.672    11.3351    30.6352   3.498698    197.088    82.8436     0.2388      7.581 1.0000e-12  0.000e+00
    161.635    11.3354    30.6353   3.498735    197.263    82.8168     0.2534      7.577 1.0000e-12  0.000e+00
    161.620    11.3353    30.6358   3.498779    197.275    82.7899     0.2534      7.581 1.0000e-12  0.000e+00
    161.561    11.3353    30.6359   3.498785    197.118    82.8168     0.2461      7.581 1.0000e-12  0.000e+00
    161.561    11.3353    30.6363   3.498828    197.267    82.8168     0.2461      7.581 1.0000e-12  0.000e+00
    161.509    11.3353    30.6370   3.498891    197.262    82.8168     0.2534      7.577 1.0000e-12  0.000e+00
    161.509    11.3348    30.6376   3.498909    197.293    82.8168     0.2534      7.581 1.0000e-12  0.000e+00
    161.450    11.3351    30.6375   3.498928    197.322    82.8168     0.2461      7.581 1.0000e-12  0.000e+00
    161.399    11.3351    30.6376   3.498940    197.337    82.8168     0.2461      7.577 1.0000e-12  0.000e+00
    161.399    11.3349    30.6382   3.498984    197.354    82.8168     0.2534      7.577 1.0000e-12  0.000e+00
    161.347    11.3351    30.6378   3.498953    197.186    82.8168     0.2461      7.581 1.0000e-12  0.000e+00
    161.347    11.3349    30.6382   3.498984    197.156    82.8168     0.2461      7.581 1.0000e-12  0.000e+00
    161.288    11.3351    30.6379   3.498965    197.308    82.8168     0.2534      7.577 1.0000e-12  0.000e+00
    161.258    11.3351    30.6389   3.499064    197.308    82.8168     0.2534      7.581 1.0000e-12  0.000e+00
    161.236    11.3351    30.6402   3.499195    197.324    82.8168     0.2461      7.581 1.0000e-12  0.000e+00
    161.185    11.3346    30.6411   3.499244    197.493    82.8168     0.2534      7.577 1.0000e-12  0.000e+00
    161.185    11.3354    30.6405   3.499257    197.341    82.7899     0.2534      7.577 1.0000e-12  0.000e+00
    161.125    11.3348    30.6404   3.499182    197.193    82.8168     0.2461      7.581 1.0000e-12  0.000e+00
    161.074    11.3349    30.6396   3.499114    197.347    82.8168     0.2461      7.581 1.0000e-12  0.000e+00
    161.074    11.3348    30.6398   3.499120    197.351    82.7899     0.2534      7.577 1.0000e-12  0.000e+00
    161.074    11.3348    30.6389   3.499033    197.188    82.8168     0.2461      7.581 1.0000e-12  0.000e+00
    160.963    11.3347    30.6369   3.498810    197.177    82.8168     0.2461      7.581 1.0000e-12  0.000e+00
    160.963    11.3349    30.6345   3.498586    197.152    82.8168     0.2534      7.577 1.0000e-12  0.000e+00
    160.963    11.3349    30.6340   3.498536    197.141    82.7899     0.2534      7.577 1.0000e-12  0.000e+00
    160.874    11.3351    30.6339   3.498536    197.144    82.8168     0.2461      7.581 1.0000e-12  0.000e+00
    160.852    11.3349    30.6331   3.498437    197.304    82.8168     0.2461      7.577 1.0000e-12  0.000e+00
    160.852    11.3349    30.6332   3.498449    197.143    82.8168     0.2461      7.577 1.0000e-12  0.000e+00
    160.801    11.3351    30.6340   3.498543    197.131    82.8168     0.2388      7.581 1.0000e-12  0.000e+00
    160.801    11.3353    30.6345   3.498611    197.122    82.8168     0.2388      7.581 1.0000e-12  0.000e+00
    160.690    11.3348    30.6358   3.498698    197.096    82.7899     0.2461      7.581 1.0000e-12  0.000e+00
    160.749    11.3351    30.6355   3.498698    197.073    82.8168     0.2461      7.581 1.0000e-12  0.000e+00
    160.690    11.3354    30.6331   3.498474    196.899    82.8168     0.2388      7.581 1.0000e-12  0.000e+00
    160.638    11.3349    30.6318   3.498294    197.048    82.8168     0.2388      7.577 1.0000e-12  0.000e+00
    160.586    11.3351    30.6306   3.498182    197.226    82.8168     0.2461      7.577 1.0000e-12  0.000e+00
    160.601    11.3354    30.6296   3.498108    197.086    82.8168     0.2461      7.581 1.0000e-12  0.000e+00
    160.527    11.3356    30.6298   3.498139    197.080    82.8168     0.2388      7.581 1.0000e-12  0.000e+00
    160.527    11.3349    30.6298   3.498083    197.097    82.8168     0.2461      7.577 1.0000e-12  0.000e+00
    160.476    11.3356    30.6295   3.498108    197.092    82.7899     0.2461      7.577 1.0000e-12  0.000e+00
    160.417    11.3353    30.6302   3.498145    196.906    82.7630     0.2388      7.581 1.0000e-12  0.000e+00
    160.476    11.3358    30.6300   3.498176    197.057    82.7362     0.2388      7.581 1.0000e-12  0.000e+00
    160.365    11.3354    30.6306   3.498207    197.072    82.7093     0.2461      7.577 1.0000e-12  0.000e+00
    160.365    11.3354    30.6308   3.498220    196.923    82.7362     0.2461      7.581 1.0000e-12  0.000e+00
    160.254    11.3351    30.6306   3.498170    197.077    82.7362     0.2388      7.581 1.0000e-12  0.000e+00
    160.313    11.3353    30.6298   3.498108    197.084    82.7093     0.2461      7.577 1.0000e-12  0.000e+00
    160.225    11.3356    30.6281   3.497953    196.921    82.7362     0.2461      7.577 1.0000e-12  0.000e+00
    160.202    11.3352    30.6280   3.497909    197.064    82.7362     0.2388      7.581 1.0000e-12  0.000e+00
    160.151    11.3353    30.6280   3.497909    197.220    82.7362     0.2388      7.577 1.0000e-12  0.000e+00
    160.202    11.3353    30.6277   3.497884    197.243    82.7362     0.2461      7.581 1.0000e-12  0.000e+00
    160.040    11.3353    30.6265   3.497754    197.078    82.7362     0.2388      7.581 1.0000e-12  0.000e+00
    160.092    11.3349    30.6260   3.497673    197.071    82.7362     0.2388      7.581 1.0000e-12  0.000e+00
    160.040    11.3356    30.6255   3.497679    196.907    82.7093     0.2461      7.577 1.0000e-12  0.000e+00
    159.981    11.3353    30.6260   3.497704    196.897    82.7362     0.2461      7.577 1.0000e-12  0.000e+00
    159.981    11.3351    30.6261   3.497692    196.875    82.7362     0.2388      7.581 1.0000e-12  0.000e+00
    159.892    11.3351    30.6256   3.497636    197.034    82.7362     0.2241      7.577 1.0000e-12  0.000e+00
    159.877    11.3349    30.6253   3.497599    197.044    82.7362     0.2315      7.577 1.0000e-12  0.000e+00
    159.929    11.3351    30.6249   3.497568    197.056    82.7362     0.2241      7.581 1.0000e-12  0.000e+00
    159.818    11.3353    30.6252   3.497611    197.230    82.7362     0.2241      7.581 1.0000e-12  0.000e+00
    159.818    11.3349    30.6259   3.497648    197.090    82.7362     0.2315      7.577 1.0000e-12  0.000e+00
    159.767    11.3346    30.6253   3.497561    197.103    82.8436     0.2315      7.577 1.0000e-12  0.000e+00
    159.715    11.3349    30.6245   3.497505    197.097    83.0049     0.2241      7.581 1.0000e-12  0.000e+00
    159.715    11.3351    30.6241   3.497474    197.093    83.0317     0.2315      7.577 1.0000e-12  0.000e+00
    159.678    11.3349    30.6246   3.497512    197.105    83.0049     0.2315      7.577 1.0000e-12  0.000e+00
    159.604    11.3348    30.6244   3.497481    196.950    83.0317     0.2241      7.581 1.0000e-12  0.000e+00
    159.604    11.3346    30.6237   3.497394    196.950    83.0317     0.2241      7.581 1.0000e-12  0.000e+00
    159.604    11.3349    30.6230   3.497350    197.133    83.0317     0.2315      7.577 1.0000e-12  0.000e+00
    159.493    11.3345    30.6236   3.497363    196.982    83.0049     0.2315      7.577 1.0000e-12  0.000e+00
    159.553    11.3346    30.6240   3.497418    196.968    83.0317     0.2241      7.581 1.0000e-12  0.000e+00
    159.442    11.3346    30.6237   3.497387    197.136    83.0049     0.2241      7.581 1.0000e-12  0.000e+00
    159.442    11.3346    30.6229   3.497300    197.157    83.0049     0.2315      7.577 1.0000e-12  0.000e+00
    159.405    11.3346    30.6222   3.497226    197.161    83.0049     0.2315      7.581 1.0000e-12  0.000e+00
