site/notebooks/data/aplsurp_cruises_cnvs_2024/20240717_CTD04_p29.cnv
* Sea-Bird SBE 9 Data File:
* FileName = C:\Data\RC0122ctd\20240716_CTD04_p29.hex
* Software Version Seasave V 7.26.7.107
* Temperature SN = 1121
* Conductivity SN = 2881
* Number of Bytes Per Scan = 31
* Number of Voltage Words = 4
* Number of Scans Averaged by the Deck Unit = 1
* NMEA Latitude = 47 33.63 N
* NMEA Longitude = 122 28.58 W
* NMEA UTC (Time) = Jul 17 2024  18:21:37
* NMEA baud rate = 4800
** Ship: R/V Rachel Carson
** Cruise ID: RC0121
** Tech: Jalickee
** Chief Scientist: Boyar
** Station: p29
** Cast:  04
# nquan = 10
# nvalues = 27286                                 
# units = specified
# name 0 = depSM: Depth [salt water, m]
# name 1 = t090C: Temperature [ITS-90, deg C]
# name 2 = sal00: Salinity, Practical [PSU]
# name 3 = c0S/m: Conductivity [S/m]
# name 4 = sbox0Mm/Kg: Oxygen, SBE 43 [umol/kg]
# name 5 = CStarTr0: Beam Transmission, WET Labs C-Star [%]
# name 6 = flECO-AFL: Fluorescence, WET Labs ECO-AFL/FL [mg/m^3]
# name 7 = ph: pH
# name 8 = par: PAR/Irradiance, Biospherical/Licor
# name 9 = flag:  0.000e+00
# span 0 =      0.470,    181.998                 
# span 1 =    11.1136,    16.8884                 
# span 2 =    29.1266,    31.1488                 
# span 3 =   3.438858,   3.812085                 
# span 4 =    188.704,    423.387                 
# span 5 =    68.6288,    92.4366                 
# span 6 =     0.1069,     6.4732                 
# span 7 =      7.577,      8.337                 
# span 8 = 1.0000e-12, 2.5966e+03                 
# span 9 = 0.0000e+00, 0.0000e+00                 
# interval = seconds: 0.0416667
# start_time = Jul 17 2024 18:21:37 [NMEA time, header]
# bad_flag = -9.990e-29
*END*
[from data line 9514]
      2.682    16.1997    29.3045   3.761107    416.014    69.4619     3.4183      8.279 6.1312e+02  0.000e+00
      2.778    16.1875    29.3101   3.760724    416.053    69.4887     3.4183      8.279 6.0455e+02  0.000e+00
      2.741    16.1752    29.3161   3.760366    415.936    69.4887     3.4183      8.283 6.0455e+02  0.000e+00
      2.778    16.1671    29.3209   3.760239    415.778    69.4887     3.4109      8.283 6.0626e+02  0.000e+00
      2.792    16.1618    29.3255   3.760322    415.731    69.4887     3.4109      8.283 6.0797e+02  0.000e+00
      2.837    16.1579    29.3258   3.760028    415.685    69.4887     3.4109      8.279 6.0797e+02  0.000e+00
      2.851    16.1531    29.3258   3.759620    415.486    69.4887     3.4109      8.283 6.1140e+02  0.000e+00
      2.851    16.1474    29.3283   3.759428    415.431    69.5156     3.4109      8.279 6.1659e+02  0.000e+00
      2.888    16.1428    29.3308   3.759320    415.233    69.5156     3.4183      8.279 6.1833e+02  0.000e+00
      2.903    16.1389    29.3343   3.759390    415.160    69.5156     3.4183      8.279 6.0626e+02  0.000e+00
      2.888    16.1361    29.3375   3.759524    415.077    69.5156     3.4183      8.279 5.7955e+02  0.000e+00
      2.954    16.1363    29.3398   3.759811    414.830    69.5156     3.4183      8.279 5.7145e+02  0.000e+00
      2.999    16.1390    29.3415   3.760239    414.417    69.5156     3.4183      8.274 5.6346e+02  0.000e+00
      2.954    16.1432    29.3408   3.760507    414.121    69.5156     3.4183      8.279 5.3561e+02  0.000e+00
      3.013    16.1475    29.3391   3.760680    413.969    69.5156     3.4109      8.279 5.2515e+02  0.000e+00
      2.999    16.1512    29.3358   3.760622    413.825    69.5425     3.4109      8.279 5.2664e+02  0.000e+00
      3.065    16.1524    29.3309   3.760162    413.564    69.5425     3.4109      8.279 5.3260e+02  0.000e+00
      3.102    16.1495    29.3306   3.759875    413.326    69.5425     3.4109      8.279 5.3561e+02  0.000e+00
      3.116    16.1459    29.3311   3.759626    413.081    69.5425     3.4109      8.279 5.3561e+02  0.000e+00
      3.102    16.1406    29.3299   3.759039    412.699    69.5425     3.4109      8.279 5.3863e+02  0.000e+00
      3.175    16.1332    29.3264   3.758011    412.485    69.5425     3.5428      8.274 5.4168e+02  0.000e+00
      3.175    16.1206    29.3192   3.756114    412.336    69.5425     3.7553      8.274 5.4168e+02  0.000e+00
      3.212    16.0952    29.3191   3.753944    412.267    69.5156     3.8065      8.274 5.1490e+02  0.000e+00
      3.227    16.0638    29.3209   3.751488    412.099    69.5156     3.7992      8.274 4.9639e+02  0.000e+00
      3.264    16.0239    29.3279   3.748904    411.971    69.5156     3.7919      8.275 4.9360e+02  0.000e+00
      3.279    15.9835    29.3417   3.747068    411.961    69.5156     3.7919      8.275 4.9639e+02  0.000e+00
      3.323    15.9475    29.3576   3.745843    411.909    69.5156     3.7919      8.275 4.9919e+02  0.000e+00
      3.337    15.9169    29.3730   3.745002    411.826    69.5425     3.7919      8.280 4.9919e+02  0.000e+00
      3.389    15.8936    29.3879   3.744741    411.835    69.7306     3.7846      8.280 4.9221e+02  0.000e+00
      3.374    15.8770    29.3983   3.744518    411.517    69.7843     3.7846      8.280 4.8125e+02  0.000e+00
      3.389    15.8631    29.4050   3.744104    411.328    69.8112     3.7846      8.280 4.7854e+02  0.000e+00
      3.485    15.8509    29.4102   3.743664    411.293    69.7843     3.7919      8.275 4.6788e+02  0.000e+00
      3.441    15.8396    29.4185   3.743658    410.954    69.7843     3.7846      8.280 4.4726e+02  0.000e+00
      3.485    15.8364    29.4199   3.743543    410.863    69.7843     3.7919      8.275 4.4100e+02  0.000e+00
      3.500    15.8320    29.4195   3.743122    410.662    69.7843     3.7919      8.275 4.3853e+02  0.000e+00
      3.536    15.8266    29.4204   3.742772    410.323    69.7843     3.7919      8.276 4.3239e+02  0.000e+00
      3.603    15.8200    29.4233   3.742549    409.984    69.7574     3.7919      8.276 4.2996e+02  0.000e+00
      3.603    15.8140    29.4245   3.742173    409.636    69.7574     3.7919      8.276 4.2875e+02  0.000e+00
      3.647    15.8083    29.4228   3.741497    409.268    69.7843     3.7919      8.276 4.1920e+02  0.000e+00
      3.662    15.7999    29.4240   3.740923    408.908    69.7843     3.7919      8.276 4.1450e+02  0.000e+00
      3.647    15.7902    29.4276   3.740509    408.534    69.7574     3.7919      8.276 4.1333e+02  0.000e+00
      3.772    15.7810    29.4308   3.740089    408.322    69.7843     3.7846      8.280 4.0412e+02  0.000e+00
      3.698    15.7718    29.4329   3.739541    407.964    69.7843     3.7846      8.276 3.9959e+02  0.000e+00
      3.772    15.7612    29.4350   3.738891    407.610    69.7843     3.7919      8.276 3.9847e+02  0.000e+00
      3.809    15.7509    29.4371   3.738254    407.116    69.7843     3.7846      8.276 3.8958e+02  0.000e+00
      3.772    15.7398    29.4408   3.737731    406.894    69.7843     3.7846      8.276 3.8305e+02  0.000e+00
      3.875    15.7299    29.4446   3.737336    406.681    69.7843     3.8798      8.271 3.8305e+02  0.000e+00
      3.809    15.7219    29.4466   3.736871    406.316    69.7843     4.3120      8.271 3.7557e+02  0.000e+00
      3.772    15.7115    29.4447   3.735776    405.972    69.7574     4.4879      8.271 3.6927e+02  0.000e+00
      4.023    15.6960    29.4460   3.734610    405.676    69.7574     4.4952      8.271 3.6823e+02  0.000e+00
      3.934    15.6800    29.4529   3.734037    405.503    69.7574     4.4732      8.271 3.6513e+02  0.000e+00
      3.971    15.6694    29.4616   3.734133    404.997    69.7574     4.4659      8.267 3.6002e+02  0.000e+00
      3.986    15.6639    29.4682   3.734426    404.588    69.7574     4.4659      8.267 3.5901e+02  0.000e+00
      4.023    15.6631    29.4717   3.734751    404.159    69.7574     4.4659      8.267 3.5699e+02  0.000e+00
      4.037    15.6634    29.4706   3.734655    403.739    69.7574     4.4659      8.267 3.5200e+02  0.000e+00
      4.023    15.6605    29.4675   3.734056    403.344    69.7574     4.4659      8.262 3.5101e+02  0.000e+00
      4.096    15.6544    29.4675   3.733528    402.979    69.7574     4.4659      8.258 3.4903e+02  0.000e+00
      4.096    15.6475    29.4670   3.732891    402.465    69.7574     4.4659      8.258 3.4318e+02  0.000e+00
      4.082    15.6405    29.4665   3.732248    401.951    69.7574     4.4659      8.258 3.4125e+02  0.000e+00
      4.148    15.6229    29.4656   3.730650    401.523    69.7574     4.4659      8.258 3.3933e+02  0.000e+00
      4.185    15.5960    29.4744   3.729358    401.274    69.7574     4.4659      8.258 3.3176e+02  0.000e+00
      4.199    15.5779    29.4858   3.729116    400.792    69.7574     4.4586      8.253 3.2804e+02  0.000e+00
      4.185    15.5704    29.4915   3.729129    400.235    69.7843     4.4659      8.253 3.2712e+02  0.000e+00
      4.199    15.5657    29.4904   3.728607    399.828    69.7843     4.4659      8.249 3.1893e+02  0.000e+00
      4.244    15.5590    29.4913   3.728136    399.301    69.7843     4.4659      8.249 3.1446e+02  0.000e+00
      4.258    15.5497    29.4928   3.727519    398.784    69.7843     4.4659      8.249 3.1269e+02  0.000e+00
      4.295    15.5351    29.4954   3.726577    398.447    69.7843     4.4659      8.244 3.0919e+02  0.000e+00
      4.310    15.5199    29.4997   3.725782    397.967    69.7843     4.4659      8.244 3.0572e+02  0.000e+00
      4.310    15.5061    29.5039   3.725082    397.461    70.1336     4.4659      8.239 3.0572e+02  0.000e+00
      4.347    15.4926    29.5071   3.724299    397.103    70.4830     4.4659      8.239 3.0229e+02  0.000e+00
      4.310    15.4790    29.5118   3.723669    396.598    70.5367     4.4659      8.235 2.9890e+02  0.000e+00
      4.347    15.4664    29.5167   3.723154    396.087    70.5098     4.4659      8.235 2.9890e+02  0.000e+00
      4.420    15.4558    29.5181   3.722416    395.559    70.4830     4.4732      8.230 2.9722e+02  0.000e+00
      4.406    15.4420    29.5220   3.721691    395.031    70.5098     4.8835      8.230 2.9555e+02  0.000e+00
      4.420    15.4279    29.5278   3.721151    394.651    70.4830     5.1692      8.230 2.9471e+02  0.000e+00
      4.406    15.4166    29.5289   3.720311    393.975    70.4830     5.2131      8.226 2.9306e+02  0.000e+00
      4.472    15.4035    29.5305   3.719383    393.604    70.5098     5.1912      8.226 2.8977e+02  0.000e+00
      4.457    15.3918    29.5332   3.718684    392.944    70.5098     5.1838      8.230 2.8895e+02  0.000e+00
      4.531    15.3813    29.5348   3.717978    392.561    70.5098     5.1838      8.226 2.8733e+02  0.000e+00
      4.509    15.3731    29.5359   3.717412    392.024    70.5098     5.1765      8.221 2.8410e+02  0.000e+00
      4.531    15.3632    29.5401   3.717050    391.511    70.5098     5.1765      8.221 2.8330e+02  0.000e+00
      4.472    15.3522    29.5439   3.716535    390.999    70.5098     5.1765      8.217 2.8171e+02  0.000e+00
      4.619    15.3411    29.5482   3.716084    390.515    70.5098     5.1765      8.217 2.7620e+02  0.000e+00
      4.583    15.3303    29.5532   3.715728    390.027    70.5098     5.1765      8.217 2.7310e+02  0.000e+00
      4.619    15.3188    29.5572   3.715207    389.547    70.5098     5.1765      8.212 2.7233e+02  0.000e+00
      4.583    15.3081    29.5611   3.714730    389.206    70.5098     5.1765      8.212 2.6852e+02  0.000e+00
      4.619    15.3000    29.5636   3.714330    388.714    70.5098     5.1765      8.207 2.6626e+02  0.000e+00
      4.634    15.2924    29.5652   3.713860    388.220    70.5098     5.1838      8.207 2.6626e+02  0.000e+00
      4.671    15.2825    29.5672   3.713250    387.740    70.5636     5.1765      8.203 2.6253e+02  0.000e+00
      4.693    15.2692    29.5716   3.712614    387.277    70.6442     5.1838      8.203 2.6105e+02  0.000e+00
      4.671    15.2580    29.5753   3.712087    386.811    70.6710     5.1838      8.198 2.6105e+02  0.000e+00
      4.693    15.2475    29.5782   3.711522    386.495    70.6442     5.1838      8.198 2.5885e+02  0.000e+00
      4.730    15.2363    29.5805   3.710829    385.901    70.6442     5.1838      8.194 2.5667e+02  0.000e+00
      4.796    15.2224    29.5833   3.709959    385.304    70.6442     5.1838      8.194 2.5667e+02  0.000e+00
      4.730    15.2068    29.5839   3.708701    384.721    70.6442     5.1838      8.194 2.5451e+02  0.000e+00
      4.796    15.1859    29.5900   3.707615    384.321    70.6442     5.1838      8.194 2.5165e+02  0.000e+00
      4.781    15.1660    29.5999   3.707038    383.755    70.6442     5.1765      8.189 2.5094e+02  0.000e+00
      4.855    15.1497    29.6069   3.706435    383.320    70.6710     5.1765      8.189 2.4883e+02  0.000e+00
      4.855    15.1360    29.6129   3.705952    382.722    70.6710     5.1765      8.185 2.4673e+02  0.000e+00
      4.833    15.1255    29.6177   3.705603    382.261    70.6710     5.1325      8.185 2.4603e+02  0.000e+00
      4.907    15.1159    29.6204   3.705082    382.101    70.6710     5.0666      8.185 2.4465e+02  0.000e+00
      4.892    15.1029    29.6244   3.704435    381.687    70.6710     5.0446      8.180 2.3986e+02  0.000e+00
      4.907    15.0905    29.6304   3.704054    381.124    70.6710     5.0520      8.180 2.3851e+02  0.000e+00
      4.943    15.0804    29.6323   3.703413    380.703    70.6710     5.0520      8.175 2.3717e+02  0.000e+00
      4.958    15.0670    29.6305   3.702067    380.324    70.6710     5.0520      8.175 2.3057e+02  0.000e+00
      5.002    15.0474    29.6261   3.699909    380.005    70.6710     5.0520      8.171 2.2798e+02  0.000e+00
      5.017    15.0196    29.6302   3.697993    379.569    70.6710     5.0593      8.166 2.2734e+02  0.000e+00
      5.002    14.9927    29.6408   3.696909    379.243    70.6710     5.0520      8.171 2.2226e+02  0.000e+00
      5.069    14.9725    29.6504   3.696256    378.727    71.0472     5.0520      8.166 2.1977e+02  0.000e+00
      5.106    14.9590    29.6597   3.696161    378.013    72.1221     5.0520      8.167 2.1977e+02  0.000e+00
      5.069    14.9468    29.6650   3.695710    377.575    72.4983     5.0520      8.162 2.1730e+02  0.000e+00
      5.106    14.9350    29.6683   3.695083    377.143    72.4983     5.0520      8.162 2.1547e+02  0.000e+00
      5.120    14.9248    29.6711   3.694537    376.713    72.4445     5.0520      8.162 2.1547e+02  0.000e+00
      5.216    14.9165    29.6754   3.694309    376.273    72.4177     5.0593      8.153 2.1365e+02  0.000e+00
      5.179    14.9101    29.6802   3.694296    375.663    72.4177     5.0593      8.153 2.1245e+02  0.000e+00
      5.216    14.9046    29.6807   3.693890    375.213    72.4177     5.0593      8.148 2.1245e+02  0.000e+00
      5.231    14.8980    29.6785   3.693085    374.629    72.4177     5.0593      8.148 2.1006e+02  0.000e+00
      5.120    14.8885    29.6779   3.692204    374.196    72.4177     5.0593      8.148 2.0829e+02  0.000e+00
      5.378    14.8778    29.6781   3.691323    373.650    72.4177     5.0593      8.143 2.0770e+02  0.000e+00
      5.282    14.8666    29.6786   3.690416    373.083    72.4177     5.0593      8.143 2.0537e+02  0.000e+00
      5.327    14.8547    29.6808   3.689649    372.515    72.4177     5.0593      8.143 2.0249e+02  0.000e+00
      5.341    14.8437    29.6820   3.688857    371.934    72.4177     5.0593      8.139 2.0192e+02  0.000e+00
      5.327    14.8330    29.6837   3.688134    371.342    72.4177     5.0593      8.139 1.9965e+02  0.000e+00
      5.393    14.8217    29.6857   3.687399    370.915    72.4177     5.0593      8.139 1.9574e+02  0.000e+00
      5.430    14.8125    29.6873   3.686797    370.164    72.4177     5.0593      8.134 1.9409e+02  0.000e+00
      5.452    14.8040    29.6875   3.686094    369.558    72.4177     5.0373      8.134 1.9300e+02  0.000e+00
      5.430    14.7957    29.6875   3.685384    368.933    72.4177     4.9714      8.134 1.8922e+02  0.000e+00
      5.503    14.7858    29.6889   3.684707    368.327    72.4445     4.9494      8.134 1.8815e+02  0.000e+00
      5.489    14.7756    29.6910   3.684073    367.714    72.3908     4.9421      8.130 1.8709e+02  0.000e+00
      5.555    14.7665    29.6921   3.683427    367.098    72.2027     4.9494      8.130 1.8343e+02  0.000e+00
      5.540    14.7587    29.6925   3.682806    366.619    72.0952     4.9494      8.130 1.8137e+02  0.000e+00
      5.614    14.7505    29.6925   3.682110    366.007    72.0952     4.9494      8.125 1.8086e+02  0.000e+00
      5.592    14.7427    29.6913   3.681318    365.539    72.0952     4.9494      8.125 1.7782e+02  0.000e+00
      5.614    14.7330    29.6894   3.680279    364.948    72.0952     4.9494      8.125 1.7632e+02  0.000e+00
      5.651    14.7209    29.6887   3.679171    364.381    72.0952     4.9494      8.125 1.7632e+02  0.000e+00
      5.717    14.7078    29.6922   3.678450    363.810    72.0952     4.9494      8.120 1.7335e+02  0.000e+00
      5.702    14.6966    29.6913   3.677399    363.084    72.0952     4.9494      8.121 1.7092e+02  0.000e+00
      5.717    14.6840    29.6907   3.676259    362.507    72.0952     4.9494      8.116 1.7092e+02  0.000e+00
      5.754    14.6706    29.6876   3.674772    361.794    72.0952     4.9567      8.116 1.6804e+02  0.000e+00
      5.776    14.6538    29.6836   3.672905    361.396    72.0952     4.9567      8.111 1.6569e+02  0.000e+00
      5.754    14.6314    29.6812   3.670729    360.905    72.0952     4.9567      8.111 1.6522e+02  0.000e+00
      5.828    14.6020    29.6793   3.668028    360.451    72.0952     4.9567      8.111 1.6336e+02  0.000e+00
      5.864    14.5702    29.6804   3.665448    359.844    72.0952     4.9567      8.107 1.6061e+02  0.000e+00
