site/notebooks/data/aplsurp_cruises_cnvs_2024/20240716_CTD02_p29.cnv
* Sea-Bird SBE 9 Data File:
* FileName = C:\Data\RC0122ctd\20240716_CTD02_p29.hex
* Software Version Seasave V 7.26.7.107
* Temperature SN = 1121
* Conductivity SN = 2881
* Number of Bytes Per Scan = 31
* Number of Voltage Words = 4
* Number of Scans Averaged by the Deck Unit = 1
* NMEA Latitude = 47 33.42 N
* NMEA Longitude = 122 28.60 W
* NMEA UTC (Time) = Jul 16 2024  18:32:46
* NMEA baud rate = 4800
** Ship: R/V Rachel Carson
** Cruise ID: RC0121
** Tech: Jalickee
** Chief Scientist: Boyar
** Station: p29
** Cast:  02
# nquan = 10
# nvalues = 16565                                 
# units = specified
# name 0 = depSM: Depth [salt water, m]
# name 1 = t090C: Temperature [ITS-90, deg C]
# name 2 = sal00: Salinity, Practical [PSU]
# name 3 = c0S/m: Conductivity [S/m]
# name 4 = sbox0Mm/Kg: Oxygen, SBE 43 [umol/kg]
# name 5 = CStarTr0: Beam Transmission, WET Labs C-Star [%]
# name 6 = flECO-AFL: Fluorescence, WET Labs ECO-AFL/FL [mg/m^3]
# name 7 = ph: pH
# name 8 = par: PAR/Irradiance, Biospherical/Licor
# name 9 = flag:  0.000e+00
# span 0 =      0.729,    115.988                 
# span 1 =    11.0925,    16.3236                 
# span 2 =    29.2642,    30.5157                 
# span 3 =   3.431759,   3.769323                 
# span 4 =    188.711,    429.783                 
# span 5 =    64.9744,    92.5441                 
# span 6 =     0.1069,     6.0190                 
# span 7 =      7.596,      8.335                 
# span 8 = 1.0000e-12, 4.0722e+03                 
# span 9 = 0.0000e+00, 0.0000e+00                 
# interval = seconds: 0.0416667
# start_time = Jul 16 2024 18:32:46 [NMEA time, header]
# bad_flag = -9.990e-29
*END*
[from data line 5910]
     84.650    11.2667    30.4784   3.473612    195.658    84.8321     0.1582      7.624 1.0000e-12  0.000e+00
     84.598    11.2668    30.4786   3.473637    195.496    84.8321     0.1509      7.629 1.0000e-12  0.000e+00
     84.650    11.2673    30.4784   3.473662    195.832    84.8052     0.1582      7.624 1.0000e-12  0.000e+00
     84.687    11.2675    30.4784   3.473674    195.866    84.8321     0.1509      7.629 1.0000e-12  0.000e+00
     84.709    11.2676    30.4789   3.473748    195.714    84.6440     0.1582      7.634 1.0000e-12  0.000e+00
     84.709    11.2675    30.4788   3.473717    195.712    84.5634     0.1509      7.624 1.0000e-12  0.000e+00
     84.709    11.2677    30.4787   3.473724    195.540    84.5634     0.1582      7.629 1.0000e-12  0.000e+00
     84.760    11.2678    30.4788   3.473755    195.667    84.5634     0.1582      7.624 1.0000e-12  0.000e+00
     84.797    11.2680    30.4788   3.473767    195.656    84.5634     0.1509      7.629 1.0000e-12  0.000e+00
     84.760    11.2675    30.4792   3.473767    195.643    84.5634     0.1582      7.624 1.0000e-12  0.000e+00
     84.812    11.2680    30.4783   3.473717    195.644    84.5903     0.1509      7.629 1.0000e-12  0.000e+00
     84.812    11.2677    30.4786   3.473724    195.824    84.5634     0.1582      7.629 1.0000e-12  0.000e+00
     84.797    11.2676    30.4792   3.473779    195.835    84.5634     0.1509      7.629 1.0000e-12  0.000e+00
     84.871    11.2681    30.4792   3.473823    195.694    84.5634     0.1582      7.629 1.0000e-12  0.000e+00
     84.812    11.2683    30.4794   3.473854    195.684    84.5634     0.1655      7.629 1.0000e-12  0.000e+00
     84.923    11.2681    30.4796   3.473866    195.528    84.5903     0.1582      7.629 1.0000e-12  0.000e+00
     84.849    11.2685    30.4793   3.473866    195.665    84.5634     0.1655      7.624 1.0000e-12  0.000e+00
     84.923    11.2685    30.4788   3.473817    195.473    84.5903     0.1582      7.629 1.0000e-12  0.000e+00
     84.923    11.2683    30.4790   3.473823    195.610    84.5634     0.1655      7.629 1.0000e-12  0.000e+00
     84.923    11.2683    30.4791   3.473829    195.578    84.5634     0.1582      7.629 1.0000e-12  0.000e+00
     84.923    11.2681    30.4792   3.473829    195.560    84.5634     0.1582      7.629 1.0000e-12  0.000e+00
     84.959    11.2680    30.4792   3.473810    195.541    84.5634     0.1655      7.629 1.0000e-12  0.000e+00
     84.923    11.2682    30.4794   3.473848    195.517    84.5634     0.1582      7.629 1.0000e-12  0.000e+00
     85.033    11.2683    30.4798   3.473910    195.510    84.5634     0.1655      7.629 1.0000e-12  0.000e+00
     84.974    11.2685    30.4797   3.473903    195.498    84.8321     0.1582      7.629 1.0000e-12  0.000e+00
     85.011    11.2687    30.4798   3.473940    195.487    85.0202     0.1655      7.629 1.0000e-12  0.000e+00
     85.033    11.2683    30.4803   3.473959    195.792    85.0739     0.1582      7.629 1.0000e-12  0.000e+00
     85.033    11.2693    30.4790   3.473909    195.623    85.0471     0.1582      7.629 1.0000e-12  0.000e+00
     85.033    11.2688    30.4795   3.473916    195.622    85.0202     0.1655      7.624 1.0000e-12  0.000e+00
     85.070    11.2690    30.4794   3.473928    195.452    85.0471     0.1582      7.629 1.0000e-12  0.000e+00
     85.085    11.2691    30.4795   3.473947    195.447    85.0202     0.1655      7.629 1.0000e-12  0.000e+00
     85.144    11.2690    30.4797   3.473959    195.593    85.0471     0.1582      7.629 1.0000e-12  0.000e+00
     85.085    11.2688    30.4801   3.473978    195.433    85.0202     0.1655      7.629 1.0000e-12  0.000e+00
     85.144    11.2691    30.4799   3.473990    195.591    85.0202     0.1655      7.629 1.0000e-12  0.000e+00
     85.173    11.2696    30.4796   3.474009    195.580    85.0471     0.1582      7.629 1.0000e-12  0.000e+00
     85.195    11.2696    30.4799   3.474040    195.584    85.0202     0.1655      7.629 1.0000e-12  0.000e+00
     85.144    11.2693    30.4799   3.474002    195.570    85.0471     0.1582      7.629 1.0000e-12  0.000e+00
     85.247    11.2690    30.4797   3.473965    195.575    85.0202     0.1655      7.629 1.0000e-12  0.000e+00
     85.232    11.2695    30.4793   3.473959    195.722    85.0471     0.1582      7.629 1.0000e-12  0.000e+00
     85.247    11.2693    30.4796   3.473978    195.388    85.0202     0.1655      7.629 1.0000e-12  0.000e+00
     85.247    11.2690    30.4797   3.473965    195.535    85.0471     0.1509      7.629 1.0000e-12  0.000e+00
     85.306    11.2695    30.4792   3.473959    195.363    85.0471     0.1362      7.629 1.0000e-12  0.000e+00
     85.284    11.2696    30.4789   3.473934    195.523    85.0202     0.1435      7.629 1.0000e-12  0.000e+00
     85.358    11.2690    30.4797   3.473972    195.369    85.0471     0.1362      7.629 1.0000e-12  0.000e+00
     85.358    11.2690    30.4538   3.471310    195.565    84.9396     0.1435      7.629 1.0000e-12  0.000e+00
     85.358    11.2695    30.2851   3.454007    195.971    84.8590     0.1362      7.629 1.0000e-12  0.000e+00
     85.446    11.2693    30.4025   3.466068    195.801    84.8052     0.1435      7.629 1.0000e-12  0.000e+00
     85.409    11.2698    30.4701   3.473055    195.708    84.8321     0.1362      7.629 1.0000e-12  0.000e+00
     85.409    11.2691    30.4778   3.473786    195.702    84.8321     0.1435      7.634 1.0000e-12  0.000e+00
     85.468    11.2693    30.4787   3.473897    195.718    84.8321     0.1435      7.629 1.0000e-12  0.000e+00
     85.498    11.2688    30.4795   3.473941    195.718    84.8052     0.1362      7.629 1.0000e-12  0.000e+00
     85.520    11.2690    30.4796   3.473959    195.747    84.8052     0.1435      7.629 1.0000e-12  0.000e+00
     85.520    11.2688    30.4795   3.473934    195.776    84.8321     0.1362      7.629 1.0000e-12  0.000e+00
     85.571    11.2691    30.4793   3.473947    195.953    84.8052     0.1435      7.629 1.0000e-12  0.000e+00
     85.557    11.2688    30.4790   3.473885    195.814    84.8321     0.1362      7.629 1.0000e-12  0.000e+00
     85.630    11.2688    30.4785   3.473835    195.809    84.8052     0.1435      7.629 1.0000e-12  0.000e+00
     85.630    11.2688    30.4789   3.473879    195.815    84.8321     0.1362      7.624 1.0000e-12  0.000e+00
     85.682    11.2690    30.4789   3.473897    195.820    84.8052     0.1362      7.629 1.0000e-12  0.000e+00
     85.660    11.2688    30.4790   3.473897    195.824    84.8052     0.1435      7.629 1.0000e-12  0.000e+00
     85.741    11.2691    30.4792   3.473941    195.827    84.8321     0.1362      7.629 1.0000e-12  0.000e+00
     85.741    11.2690    30.4792   3.473935    196.011    84.8052     0.1435      7.624 1.0000e-12  0.000e+00
     85.741    11.2688    30.4795   3.473947    195.877    84.8321     0.1362      7.629 1.0000e-12  0.000e+00
     85.770    11.2685    30.4799   3.473959    195.712    84.8052     0.1435      7.629 1.0000e-12  0.000e+00
     85.844    11.2688    30.4793   3.473935    195.862    84.8321     0.1362      7.629 1.0000e-12  0.000e+00
     85.844    11.2690    30.4791   3.473928    195.678    84.6977     0.1435      7.629 1.0000e-12  0.000e+00
     85.903    11.2693    30.4790   3.473947    195.990    84.4559     0.1435      7.629 1.0000e-12  0.000e+00
     85.881    11.2687    30.4794   3.473935    195.985    84.3753     0.1435      7.629 1.0000e-12  0.000e+00
     85.903    11.2693    30.4786   3.473904    195.991    84.3753     0.1582      7.629 1.0000e-12  0.000e+00
     86.006    11.2685    30.4789   3.473873    195.836    84.4022     0.1582      7.629 1.0000e-12  0.000e+00
     85.955    11.2690    30.4782   3.473836    195.988    84.3753     0.1655      7.629 1.0000e-12  0.000e+00
     85.992    11.2685    30.4778   3.473755    195.994    84.4022     0.1582      7.629 1.0000e-12  0.000e+00
     86.065    11.2683    30.4777   3.473736    195.831    84.3753     0.1655      7.629 1.0000e-12  0.000e+00
     86.065    11.2680    30.4782   3.473755    195.981    84.4022     0.1655      7.629 1.0000e-12  0.000e+00
     86.065    11.2680    30.4783   3.473767    195.811    84.4022     0.1582      7.629 1.0000e-12  0.000e+00
     86.154    11.2675    30.4784   3.473743    195.961    84.3753     0.1655      7.629 1.0000e-12  0.000e+00
     86.117    11.2678    30.4783   3.473755    195.985    84.4022     0.1582      7.629 1.0000e-12  0.000e+00
     86.169    11.2680    30.4780   3.473743    195.995    84.3753     0.1655      7.629 1.0000e-12  0.000e+00
     86.228    11.2683    30.4781   3.473786    196.002    84.4022     0.1582      7.629 1.0000e-12  0.000e+00
     86.205    11.2675    30.4790   3.473798    195.829    84.4022     0.1655      7.629 1.0000e-12  0.000e+00
     86.279    11.2678    30.4784   3.473774    195.970    84.4022     0.1655      7.629 1.0000e-12  0.000e+00
     86.279    11.2678    30.4785   3.473786    195.807    84.4022     0.1582      7.629 1.0000e-12  0.000e+00
     86.279    11.2676    30.4788   3.473798    195.944    84.3753     0.1655      7.629 1.0000e-12  0.000e+00
     86.368    11.2682    30.4781   3.473774    195.946    84.4022     0.1582      7.629 1.0000e-12  0.000e+00
     86.338    11.2680    30.4782   3.473768    195.945    84.3753     0.1655      7.629 1.0000e-12  0.000e+00
     86.390    11.2680    30.4777   3.473718    195.945    84.4290     0.1582      7.629 1.0000e-12  0.000e+00
     86.368    11.2677    30.4783   3.473755    195.776    84.5634     0.1655      7.634 1.0000e-12  0.000e+00
     86.441    11.2675    30.4783   3.473743    196.091    84.6171     0.1655      7.629 1.0000e-12  0.000e+00
     86.500    11.2678    30.4775   3.473687    195.952    84.6440     0.1582      7.629 1.0000e-12  0.000e+00
     86.500    11.2676    30.4779   3.473718    196.096    84.6171     0.1655      7.629 1.0000e-12  0.000e+00
     86.478    11.2676    30.4784   3.473761    195.935    84.6171     0.1582      7.629 1.0000e-12  0.000e+00
     86.552    11.2673    30.4782   3.473718    195.747    84.6171     0.1655      7.629 1.0000e-12  0.000e+00
     86.500    11.2676    30.4782   3.473749    195.883    84.6440     0.1582      7.629 1.0000e-12  0.000e+00
     86.604    11.2676    30.4781   3.473743    195.857    84.6171     0.1655      7.629 1.0000e-12  0.000e+00
     86.589    11.2673    30.4786   3.473761    196.008    84.6171     0.1655      7.629 1.0000e-12  0.000e+00
     86.604    11.2675    30.4785   3.473768    196.022    84.6440     0.1582      7.629 1.0000e-12  0.000e+00
     86.663    11.2677    30.4785   3.473786    196.037    84.6171     0.1655      7.629 1.0000e-12  0.000e+00
     86.663    11.2673    30.4787   3.473774    195.884    84.6440     0.1582      7.629 1.0000e-12  0.000e+00
     86.641    11.2676    30.4788   3.473817    195.878    84.6171     0.1655      7.629 1.0000e-12  0.000e+00
     86.714    11.2682    30.4785   3.473830    196.040    84.6440     0.1582      7.629 1.0000e-12  0.000e+00
     86.714    11.2680    30.4787   3.473830    195.884    84.6171     0.1655      7.629 1.0000e-12  0.000e+00
     86.692    11.2673    30.4790   3.473805    196.045    84.6440     0.1655      7.629 1.0000e-12  0.000e+00
     86.766    11.2680    30.4783   3.473799    196.053    84.6171     0.1582      7.629 1.0000e-12  0.000e+00
     86.766    11.2680    30.4781   3.473774    196.076    84.6171     0.1655      7.629 1.0000e-12  0.000e+00
     86.766    11.2682    30.4779   3.473768    195.915    84.6440     0.1582      7.629 1.0000e-12  0.000e+00
     86.803    11.2676    30.4794   3.473885    195.906    84.6440     0.1655      7.629 1.0000e-12  0.000e+00
     86.825    11.2683    30.4797   3.473972    195.892    85.0739     0.1582      7.629 1.0000e-12  0.000e+00
     86.825    11.2688    30.4804   3.474083    195.712    85.2620     0.1655      7.629 1.0000e-12  0.000e+00
     86.876    11.2688    30.4811   3.474158    195.851    85.3158     0.1582      7.629 1.0000e-12  0.000e+00
     86.854    11.2695    30.4809   3.474195    195.670    85.2889     0.1655      7.629 1.0000e-12  0.000e+00
     86.876    11.2697    30.4813   3.474251    195.989    85.2889     0.1655      7.629 1.0000e-12  0.000e+00
     86.935    11.2703    30.4811   3.474288    195.825    85.2889     0.1582      7.629 1.0000e-12  0.000e+00
     86.913    11.2705    30.4813   3.474319    195.794    85.2620     0.1655      7.629 1.0000e-12  0.000e+00
     86.935    11.2702    30.4821   3.474375    195.780    85.2889     0.1582      7.629 1.0000e-12  0.000e+00
     86.935    11.2713    30.4813   3.474393    195.745    85.2889     0.1655      7.629 1.0000e-12  0.000e+00
     86.935    11.2713    30.4815   3.474412    195.744    85.2889     0.1582      7.629 1.0000e-12  0.000e+00
     87.017    11.2711    30.4810   3.474350    195.581    85.2889     0.1655      7.629 1.0000e-12  0.000e+00
     86.987    11.2713    30.4807   3.474331    195.731    85.2889     0.1582      7.629 1.0000e-12  0.000e+00
     86.987    11.2713    30.4811   3.474375    195.714    85.2889     0.1655      7.629 1.0000e-12  0.000e+00
     87.017    11.2713    30.4801   3.474275    195.715    85.2889     0.1655      7.629 1.0000e-12  0.000e+00
     87.039    11.2710    30.4789   3.474121    195.718    85.2889     0.1509      7.629 1.0000e-12  0.000e+00
     87.039    11.2708    30.4775   3.473966    195.704    85.2889     0.1509      7.629 1.0000e-12  0.000e+00
     87.098    11.2705    30.4769   3.473879    195.541    85.2889     0.1435      7.629 1.0000e-12  0.000e+00
     87.075    11.2696    30.4770   3.473811    195.678    85.2889     0.1509      7.629 1.0000e-12  0.000e+00
     87.098    11.2688    30.4775   3.473799    195.680    85.2889     0.1435      7.629 1.0000e-12  0.000e+00
     87.098    11.2688    30.4775   3.473799    195.678    85.2620     0.1509      7.629 1.0000e-12  0.000e+00
     87.149    11.2683    30.4781   3.473824    195.680    85.2620     0.1509      7.624 1.0000e-12  0.000e+00
     87.127    11.2685    30.4781   3.473830    195.677    85.2352     0.1435      7.629 1.0000e-12  0.000e+00
     87.149    11.2685    30.4773   3.473755    195.827    85.2352     0.1509      7.629 1.0000e-12  0.000e+00
     87.149    11.2678    30.4777   3.473737    195.677    85.2352     0.1435      7.629 1.0000e-12  0.000e+00
     87.179    11.2680    30.4787   3.473855    195.822    85.2352     0.1509      7.629 1.0000e-12  0.000e+00
     87.260    11.2678    30.4799   3.473966    195.669    85.2620     0.1435      7.629 1.0000e-12  0.000e+00
     87.201    11.2682    30.4794   3.473941    195.829    85.2352     0.1509      7.629 1.0000e-12  0.000e+00
     87.260    11.2685    30.4790   3.473929    195.675    85.2352     0.1435      7.629 1.0000e-12  0.000e+00
     87.238    11.2685    30.4792   3.473947    195.835    85.2352     0.1509      7.629 1.0000e-12  0.000e+00
     87.311    11.2685    30.4797   3.474003    195.665    85.2352     0.1509      7.629 1.0000e-12  0.000e+00
     87.311    11.2686    30.4793   3.473972    195.509    85.2352     0.1509      7.629 1.0000e-12  0.000e+00
     87.289    11.2686    30.4793   3.473978    195.655    85.2620     0.1509      7.629 1.0000e-12  0.000e+00
     87.363    11.2690    30.4789   3.473966    195.501    85.2352     0.1509      7.629 1.0000e-12  0.000e+00
     87.311    11.2686    30.4793   3.473978    195.648    85.2352     0.1509      7.629 1.0000e-12  0.000e+00
     87.363    11.2685    30.4800   3.474034    195.630    85.2620     0.1435      7.629 1.0000e-12  0.000e+00
     87.400    11.2690    30.4799   3.474071    195.791    85.2352     0.1509      7.629 1.0000e-12  0.000e+00
     87.422    11.2693    30.4802   3.474127    195.635    85.2620     0.1435      7.629 1.0000e-12  0.000e+00
     87.422    11.2698    30.4792   3.474071    195.480    85.2352     0.1509      7.629 1.0000e-12  0.000e+00
     87.511    11.2696    30.4791   3.474053    195.646    85.2620     0.1509      7.629 1.0000e-12  0.000e+00
