site/notebooks/data/aplsurp_cruises_cnvs_2024/20240718_CTD05_p28.cnv
* Sea-Bird SBE 9 Data File:
* FileName = C:\Data\RC0122ctd\20240718_CTD05_p28.hex
* Software Version Seasave V 7.26.7.107
* Temperature SN = 1121
* Conductivity SN = 2881
* Number of Bytes Per Scan = 31
* Number of Voltage Words = 4
* Number of Scans Averaged by the Deck Unit = 1
* NMEA Latitude = 47 42.80 N
* NMEA Longitude = 122 25.16 W
* NMEA UTC (Time) = Jul 18 2024  15:54:00
* NMEA baud rate = 4800
** Ship: R/V Rachel Carson
** Cruise ID: RC0121
** Tech: Jalickee
** Chief Scientist: Boyar
** Station: p28
** Cast:  05
# nquan = 10
# nvalues = 26928                                 
# units = specified
# name 0 = depSM: Depth [salt water, m]
# name 1 = t090C: Temperature [ITS-90, deg C]
# name 2 = sal00: Salinity, Practical [PSU]
# name 3 = c0S/m: Conductivity [S/m]
# name 4 = sbox0Mm/Kg: Oxygen, SBE 43 [umol/kg]
# name 5 = CStarTr0: Beam Transmission, WET Labs C-Star [%]
# name 6 = flECO-AFL: Fluorescence, WET Labs ECO-AFL/FL [mg/m^3]
# name 7 = ph: pH
# name 8 = par: PAR/Irradiance, Biospherical/Licor
# name 9 = flag:  0.000e+00
# span 0 =      0.619,    180.351                 
# span 1 =    11.1966,    16.1026                 
# span 2 =    29.2562,    30.7725                 
# span 3 =   3.442453,   3.755137                 
# span 4 =    186.942,    411.365                 
# span 5 =    61.9648,    93.5652                 
# span 6 =     0.0776,     8.7223                 
# span 7 =      7.539,      8.284                 
# span 8 = 1.0000e-12, 4.0607e+03                 
# span 9 = 0.0000e+00, 0.0000e+00                 
# interval = seconds: 0.0416667
# start_time = Jul 18 2024 15:54:00 [NMEA time, header]
# bad_flag = -9.990e-29
*END*
[from data line 6199]
      0.728    15.9634    29.3388   3.744924    403.189    66.4523     2.5245      8.275 3.9481e+03  0.000e+00
      0.794    15.9675    29.3337   3.744688    403.166    66.4523     2.5245      8.270 3.9370e+03  0.000e+00
      0.728    15.9646    29.3343   3.744516    403.036    66.4523     2.5245      8.275 3.9260e+03  0.000e+00
      0.743    15.9643    29.3335   3.744388    403.026    66.4523     2.5245      8.270 3.9149e+03  0.000e+00
      0.743    15.9626    29.3355   3.744471    402.878    66.4523     2.5245      8.270 3.9040e+03  0.000e+00
      0.728    15.9550    29.3440   3.744816    402.901    66.4523     2.5245      8.275 3.9040e+03  0.000e+00
      0.743    15.9436    29.3584   3.745485    402.936    66.0224     2.5245      8.270 3.8930e+03  0.000e+00
      0.743    15.9405    29.3707   3.746640    402.918    65.6462     2.5245      8.275 3.8930e+03  0.000e+00
      0.779    15.9489    29.3759   3.747960    402.975    65.5655     2.5245      8.275 3.8930e+03  0.000e+00
      0.743    15.9665    29.3719   3.748993    402.706    65.5655     2.5245      8.275 3.8930e+03  0.000e+00
      0.684    15.9909    29.3612   3.749829    402.545    65.5924     2.5172      8.275 3.8930e+03  0.000e+00
      0.779    16.0084    29.3517   3.750224    402.596    65.5924     2.5245      8.275 3.8930e+03  0.000e+00
      0.743    16.0198    29.3422   3.750109    402.704    65.5655     2.5245      8.275 3.9040e+03  0.000e+00
      0.728    16.0284    29.3374   3.750281    402.523    65.5924     2.5172      8.275 3.9040e+03  0.000e+00
      0.743    16.0374    29.3363   3.750926    402.335    65.5924     2.5245      8.275 3.8930e+03  0.000e+00
      0.794    16.0427    29.3369   3.751442    402.327    65.5655     2.5245      8.275 3.9040e+03  0.000e+00
      0.728    16.0475    29.3351   3.751646    402.319    65.5924     2.5245      8.275 3.9149e+03  0.000e+00
      0.743    16.0470    29.3343   3.751506    402.654    65.5924     2.5245      8.275 3.9149e+03  0.000e+00
      0.743    16.0395    29.3346   3.750900    402.773    65.5924     2.5245      8.275 3.9260e+03  0.000e+00
      0.728    16.0320    29.3394   3.750817    403.009    65.5924     2.5245      8.275 3.9481e+03  0.000e+00
      0.794    16.0340    29.3382   3.750849    403.070    65.5655     2.5245      8.275 3.9592e+03  0.000e+00
      0.728    16.0352    29.3356   3.750651    402.982    65.5655     2.5245      8.279 3.9592e+03  0.000e+00
      0.742    16.0338    29.3341   3.750364    403.055    65.5924     2.5025      8.275 3.9370e+03  0.000e+00
      0.742    16.0301    29.3347   3.750115    403.291    65.5924     2.3780      8.275 3.9481e+03  0.000e+00
      0.779    16.0278    29.3343   3.749879    403.535    65.5924     2.3120      8.275 3.9370e+03  0.000e+00
      0.742    16.0287    29.3306   3.749528    403.629    65.5924     2.3120      8.275 3.9370e+03  0.000e+00
      0.742    16.0251    29.3320   3.749375    403.748    65.5118     2.3194      8.275 3.9370e+03  0.000e+00
      0.779    16.0208    29.3352   3.749388    403.862    65.4043     2.3120      8.275 3.9370e+03  0.000e+00
      0.742    16.0186    29.3380   3.749516    404.108    65.3506     2.3194      8.275 3.9481e+03  0.000e+00
      0.728    16.0161    29.3426   3.749828    404.208    65.3506     2.3194      8.279 3.9592e+03  0.000e+00
      0.742    16.0167    29.3431   3.749950    404.749    65.3774     2.3120      8.275 3.9592e+03  0.000e+00
      0.683    16.0195    29.3407   3.749905    404.861    65.3506     2.3194      8.275 3.9704e+03  0.000e+00
      0.838    16.0222    29.3375   3.749771    404.975    65.3506     2.3120      8.275 3.9704e+03  0.000e+00
      0.742    16.0248    29.3341   3.749599    405.226    65.3774     2.3120      8.275 3.9592e+03  0.000e+00
      0.742    16.0236    29.3325   3.749305    405.506    65.3506     2.3194      8.275 3.9592e+03  0.000e+00
      0.779    16.0219    29.3333   3.749261    405.648    65.3774     2.3120      8.275 3.9481e+03  0.000e+00
      0.742    16.0214    29.3337   3.749260    405.901    65.3774     2.3120      8.275 3.9370e+03  0.000e+00
      0.742    16.0203    29.3334   3.749133    406.171    65.3506     2.3194      8.275 3.9370e+03  0.000e+00
      0.728    16.0212    29.3299   3.748801    406.160    65.3774     2.3120      8.275 3.9149e+03  0.000e+00
      0.742    16.0202    29.3302   3.748750    406.425    65.3506     2.3194      8.275 3.9149e+03  0.000e+00
      0.779    16.0164    29.3346   3.748942    406.539    65.3506     2.3194      8.279 3.9260e+03  0.000e+00
      0.742    16.0143    29.3366   3.748993    406.639    65.3774     2.3120      8.275 3.9149e+03  0.000e+00
      0.742    16.0176    29.3339   3.748967    406.991    65.3506     2.3194      8.275 3.9149e+03  0.000e+00
      0.727    16.0231    29.3305   3.749037    407.049    65.3506     2.3194      8.275 3.9149e+03  0.000e+00
      0.742    16.0285    29.3275   3.749158    407.396    65.3774     2.3120      8.275 3.9040e+03  0.000e+00
      0.742    16.0333    29.3251   3.749286    407.604    65.3506     2.3194      8.275 3.9040e+03  0.000e+00
      0.727    16.0352    29.3252   3.749458    407.549    65.4849     2.3120      8.275 3.9040e+03  0.000e+00
      0.683    16.0344    29.3268   3.749567    407.787    65.8074     2.3120      8.275 3.9040e+03  0.000e+00
      0.779    16.0316    29.3293   3.749624    408.185    65.9417     2.3194      8.275 3.9149e+03  0.000e+00
      0.742    16.0294    29.3309   3.749624    408.295    65.9686     2.2974      8.279 3.9149e+03  0.000e+00
      0.683    16.0287    29.3316   3.749643    408.533    65.9417     2.2901      8.279 3.9260e+03  0.000e+00
      0.727    16.0297    29.3321   3.749790    408.608    65.9149     2.2901      8.275 3.9260e+03  0.000e+00
      0.742    16.0330    29.3320   3.750045    408.803    65.9417     2.2827      8.275 3.9260e+03  0.000e+00
      0.742    16.0373    29.3310   3.750294    408.982    65.9417     2.2901      8.275 3.9370e+03  0.000e+00
      0.727    16.0417    29.3280   3.750326    409.019    65.9149     2.2901      8.279 3.9481e+03  0.000e+00
      0.742    16.0434    29.3277   3.750441    409.208    65.9417     2.2827      8.279 3.9370e+03  0.000e+00
      0.727    16.0504    29.3255   3.750785    409.212    65.9149     2.2901      8.275 3.9481e+03  0.000e+00
      0.742    16.0593    29.3222   3.751155    409.060    65.9149     2.2901      8.274 3.9481e+03  0.000e+00
      0.742    16.0662    29.3199   3.751474    409.182    65.9417     2.2827      8.279 3.9481e+03  0.000e+00
      0.727    16.0710    29.3187   3.751742    409.317    65.9149     2.2901      8.274 3.9592e+03  0.000e+00
      0.742    16.0746    29.3180   3.751965    409.327    65.9149     2.2827      8.279 3.9592e+03  0.000e+00
      0.742    16.0771    29.3169   3.752061    409.493    65.9417     2.2827      8.279 3.9592e+03  0.000e+00
      0.727    16.0789    29.3166   3.752176    409.651    65.9149     2.2901      8.274 3.9592e+03  0.000e+00
      0.683    16.0801    29.3139   3.751959    409.661    65.9417     2.2827      8.279 3.9592e+03  0.000e+00
      0.742    16.0809    29.3136   3.752003    409.807    65.9417     2.2827      8.279 3.9592e+03  0.000e+00
      0.727    16.0819    29.3141   3.752144    409.944    65.9149     2.2901      8.274 3.9592e+03  0.000e+00
      0.742    16.0823    29.3128   3.752023    409.968    65.9955     2.2827      8.279 3.9370e+03  0.000e+00
      0.727    16.0833    29.3129   3.752125    410.115    66.6673     2.2827      8.274 3.9260e+03  0.000e+00
      0.683    16.0830    29.3128   3.752080    409.989    66.9628     2.2901      8.274 3.9370e+03  0.000e+00
      0.742    16.0821    29.3116   3.751869    410.000    67.0166     2.2827      8.279 3.9370e+03  0.000e+00
      0.727    16.0816    29.3114   3.751812    410.272    66.9897     2.2827      8.274 3.9370e+03  0.000e+00
      0.742    16.0821    29.3128   3.752010    410.249    66.9628     2.2901      8.274 3.9370e+03  0.000e+00
      0.683    16.0785    29.3152   3.751978    410.398    66.9628     2.2827      8.279 3.9481e+03  0.000e+00
      0.727    16.0689    29.3194   3.751646    410.458    66.9360     2.2901      8.274 3.9592e+03  0.000e+00
      0.742    16.0600    29.3261   3.751672    410.492    66.9628     2.2901      8.279 3.9592e+03  0.000e+00
      0.727    16.0524    29.3319   3.751691    410.651    66.9628     2.3560      8.275 3.9481e+03  0.000e+00
      0.683    16.0462    29.3371   3.751755    410.944    66.9628     2.4879      8.275 3.9481e+03  0.000e+00
      0.742    16.0444    29.3386   3.751781    410.942    66.9628     2.5245      8.279 3.9592e+03  0.000e+00
      0.727    16.0477    29.3357   3.751729    410.895    66.9628     2.5098      8.279 3.9481e+03  0.000e+00
      0.742    16.0551    29.3286   3.751538    410.849    66.9628     2.5098      8.275 3.9481e+03  0.000e+00
      0.683    16.0617    29.3222   3.751359    410.792    66.9628     2.5025      8.279 3.9481e+03  0.000e+00
      0.675    16.0652    29.3193   3.751314    410.888    66.9628     2.5098      8.279 3.9370e+03  0.000e+00
      0.683    16.0608    29.3181   3.750810    410.907    66.9628     2.5098      8.274 3.9149e+03  0.000e+00
      0.793    16.0546    29.3207   3.750581    410.788    66.9897     2.5098      8.279 3.9149e+03  0.000e+00
      0.779    16.0525    29.3271   3.751149    410.890    66.9628     2.5098      8.279 3.9040e+03  0.000e+00
      0.793    16.0546    29.3303   3.751691    410.833    66.9360     2.5098      8.275 3.9149e+03  0.000e+00
      0.727    16.0566    29.3325   3.752112    410.922    66.9360     2.5098      8.279 3.9149e+03  0.000e+00
      0.793    16.0593    29.3313   3.752214    411.157    66.5060     2.5098      8.279 3.9149e+03  0.000e+00
      0.793    16.0612    29.3325   3.752508    410.970    66.2105     2.5098      8.274 3.9260e+03  0.000e+00
      0.837    16.0652    29.3323   3.752827    410.897    66.1836     2.5025      8.279 3.9260e+03  0.000e+00
      0.904    16.0683    29.3299   3.752808    410.827    66.1836     2.5098      8.279 3.9149e+03  0.000e+00
      0.793    16.0701    29.3283   3.752776    410.913    66.1836     2.5098      8.274 3.9370e+03  0.000e+00
      0.837    16.0734    29.3304   3.753299    410.839    66.2105     2.5025      8.279 3.9370e+03  0.000e+00
      0.845    16.0768    29.3302   3.753567    410.780    66.2105     2.5098      8.274 3.9370e+03  0.000e+00
      0.889    16.0787    29.3286   3.753548    410.740    66.1836     2.5098      8.274 3.9704e+03  0.000e+00
      0.904    16.0799    29.3272   3.753491    410.684    66.2105     2.5098      8.279 3.9928e+03  0.000e+00
      0.904    16.0797    29.3302   3.753816    410.626    66.2105     2.5098      8.279 3.9928e+03  0.000e+00
      0.940    16.0831    29.3317   3.754282    410.706    66.1836     2.5098      8.274 4.0379e+03  0.000e+00
      0.904    16.0881    29.3321   3.754741    410.628    66.2105     2.5098      8.279 4.0607e+03  0.000e+00
      0.955    16.0929    29.3300   3.754914    410.564    66.2105     2.5098      8.279 4.0607e+03  0.000e+00
      0.999    16.0958    29.3284   3.754978    410.506    66.1836     2.5098      8.274 4.0379e+03  0.000e+00
      0.955    16.0985    29.3269   3.755035    410.447    66.2105     2.4952      8.279 4.0153e+03  0.000e+00
      0.999    16.1008    29.3261   3.755137    410.397    66.2105     2.4073      8.279 4.0153e+03  0.000e+00
      1.007    16.1026    29.3215   3.754760    410.499    66.1836     2.3780      8.274 3.9928e+03  0.000e+00
      1.007    16.1022    29.3181   3.754333    410.482    66.2105     2.3633      8.279 3.9592e+03  0.000e+00
      1.051    16.0999    29.3163   3.753931    410.617    66.2105     2.3706      8.274 3.9481e+03  0.000e+00
      1.066    16.0952    29.3159   3.753484    410.465    66.1836     2.3780      8.274 3.9481e+03  0.000e+00
      1.066    16.0908    29.3157   3.753095    410.300    66.2105     2.3706      8.279 3.9481e+03  0.000e+00
      1.102    16.0855    29.3172   3.752827    410.573    66.2373     2.3780      8.274 3.9370e+03  0.000e+00
      1.117    16.0811    29.3178   3.752520    410.561    66.2105     2.3780      8.274 3.9481e+03  0.000e+00
      1.161    16.0767    29.3198   3.752367    410.404    66.2373     2.3780      8.279 3.9481e+03  0.000e+00
      1.117    16.0739    29.3223   3.752418    410.368    66.2373     2.3706      8.274 3.9592e+03  0.000e+00
      1.228    16.0722    29.3237   3.752444    410.475    66.2105     2.3780      8.274 3.9592e+03  0.000e+00
      1.161    16.0708    29.3249   3.752463    410.292    66.2373     2.3706      8.279 3.9704e+03  0.000e+00
      1.228    16.0698    29.3249   3.752374    410.405    66.2373     2.3706      8.279 3.9816e+03  0.000e+00
      1.169    16.0700    29.3289   3.752846    410.349    66.2105     2.3780      8.279 3.9816e+03  0.000e+00
      1.264    16.0725    29.3315   3.753376    410.291    66.2105     2.3780      8.279 4.0153e+03  0.000e+00
      1.279    16.0763    29.3310   3.753631    410.211    66.2373     2.3706      8.279 4.0266e+03  0.000e+00
      1.213    16.0787    29.3280   3.753491    410.285    66.2105     2.3780      8.279 4.0379e+03  0.000e+00
      1.331    16.0799    29.3262   3.753389    409.963    66.2105     2.3780      8.279 4.0266e+03  0.000e+00
      1.331    16.0809    29.3272   3.753593    409.895    66.2373     2.3706      8.279 4.0153e+03  0.000e+00
      1.264    16.0814    29.3280   3.753720    409.982    66.2373     2.3780      8.279 4.0266e+03  0.000e+00
      1.390    16.0831    29.3266   3.753708    409.935    66.2105     2.3780      8.279 4.0153e+03  0.000e+00
      1.375    16.0837    29.3270   3.753803    409.881    66.2373     2.3706      8.279 4.0153e+03  0.000e+00
      1.390    16.0844    29.3250   3.753631    409.841    66.2373     2.3780      8.279 4.0153e+03  0.000e+00
      1.441    16.0826    29.3210   3.753025    409.552    66.2105     2.3780      8.279 3.9816e+03  0.000e+00
      1.426    16.0775    29.3180   3.752246    409.701    66.2373     2.3706      8.284 3.9481e+03  0.000e+00
      1.441    16.0718    29.3165   3.751595    409.712    66.2105     2.3780      8.279 3.9370e+03  0.000e+00
      1.500    16.0646    29.3142   3.750721    409.738    66.1836     2.5465      8.279 3.9370e+03  0.000e+00
      1.485    16.0554    29.3136   3.749866    409.768    66.1836     2.6710      8.284 3.9481e+03  0.000e+00
      1.500    16.0444    29.3155   3.749158    409.815    66.1836     2.7003      8.279 3.9370e+03  0.000e+00
      1.537    16.0344    29.3186   3.748655    409.851    66.1567     2.6930      8.279 3.9370e+03  0.000e+00
      1.552    16.0261    29.3218   3.748329    409.857    66.1836     2.6783      8.279 3.9260e+03  0.000e+00
      1.552    16.0191    29.3225   3.747813    410.015    66.1567     2.6857      8.279 3.9149e+03  0.000e+00
      1.588    16.0118    29.3224   3.747181    409.894    66.1836     2.6857      8.279 3.9260e+03  0.000e+00
      1.662    16.0044    29.3211   3.746410    409.924    66.1836     2.6783      8.279 3.9370e+03  0.000e+00
      1.647    15.9971    29.3235   3.746059    409.960    66.1836     2.6783      8.284 3.9481e+03  0.000e+00
      1.662    15.9903    29.3278   3.745983    409.974    66.1567     2.6857      8.279 3.8603e+03  0.000e+00
      1.662    15.9848    29.3290   3.745645    409.986    66.1836     2.6783      8.280 3.0739e+03  0.000e+00
      1.699    15.9782    29.3303   3.745243    410.153    66.1836     2.6857      8.280 2.7315e+03  0.000e+00
      1.714    15.9733    29.3315   3.744969    410.179    66.1836     2.6857      8.280 2.6858e+03  0.000e+00
      1.750    15.9682    29.3333   3.744739    410.206    66.1836     2.6783      8.280 1.8476e+03  0.000e+00
      1.765    15.9633    29.3341   3.744408    410.084    66.1836     2.6783      8.280 1.4465e+03  0.000e+00
