site/notebooks/data/aplsurp_cruises_cnvs_2024/20240717_CTD04_p29.cnv
* Sea-Bird SBE 9 Data File:
* FileName = C:\Data\RC0122ctd\20240716_CTD04_p29.hex
* Software Version Seasave V 7.26.7.107
* Temperature SN = 1121
* Conductivity SN = 2881
* Number of Bytes Per Scan = 31
* Number of Voltage Words = 4
* Number of Scans Averaged by the Deck Unit = 1
* NMEA Latitude = 47 33.63 N
* NMEA Longitude = 122 28.58 W
* NMEA UTC (Time) = Jul 17 2024  18:21:37
* NMEA baud rate = 4800
** Ship: R/V Rachel Carson
** Cruise ID: RC0121
** Tech: Jalickee
** Chief Scientist: Boyar
** Station: p29
** Cast:  04
# nquan = 10
# nvalues = 27286                                 
# units = specified
# name 0 = depSM: Depth [salt water, m]
# name 1 = t090C: Temperature [ITS-90, deg C]
# name 2 = sal00: Salinity, Practical [PSU]
# name 3 = c0S/m: Conductivity [S/m]
# name 4 = sbox0Mm/Kg: Oxygen, SBE 43 [umol/kg]
# name 5 = CStarTr0: Beam Transmission, WET Labs C-Star [%]
# name 6 = flECO-AFL: Fluorescence, WET Labs ECO-AFL/FL [mg/m^3]
# name 7 = ph: pH
# name 8 = par: PAR/Irradiance, Biospherical/Licor
# name 9 = flag:  0.000e+00
# span 0 =      0.470,    181.998                 
# span 1 =    11.1136,    16.8884                 
# span 2 =    29.1266,    31.1488                 
# span 3 =   3.438858,   3.812085                 
# span 4 =    188.704,    423.387                 
# span 5 =    68.6288,    92.4366                 
# span 6 =     0.1069,     6.4732                 
# span 7 =      7.577,      8.337                 
# span 8 = 1.0000e-12, 2.5966e+03                 
# span 9 = 0.0000e+00, 0.0000e+00                 
# interval = seconds: 0.0416667
# start_time = Jul 17 2024 18:21:37 [NMEA time, header]
# bad_flag = -9.990e-29
*END*
[from data line 3028]
      6.176    14.1791    29.7251   3.637226    315.925    78.4637     4.5098      7.981 1.2664e+02  0.000e+00
      6.139    14.1781    29.7233   3.636942    315.910    78.4368     4.5098      7.981 1.2664e+02  0.000e+00
      6.176    14.1769    29.7253   3.637062    316.042    78.4368     4.5098      7.981 1.2664e+02  0.000e+00
      6.191    14.1752    29.7276   3.637169    316.033    78.4368     4.5098      7.981 1.2700e+02  0.000e+00
      6.176    14.1747    29.7279   3.637163    316.017    78.4368     4.5098      7.981 1.2628e+02  0.000e+00
      6.139    14.1747    29.7285   3.637220    315.842    78.4637     4.1728      7.981 1.2628e+02  0.000e+00
      6.176    14.1747    29.7292   3.637302    315.961    78.5174     3.8505      7.981 1.2592e+02  0.000e+00
      6.191    14.1754    29.7299   3.637434    315.933    78.5174     3.7772      7.981 1.2451e+02  0.000e+00
      6.176    14.1759    29.7296   3.637453    315.917    78.5174     3.7992      7.981 1.2380e+02  0.000e+00
      6.191    14.1765    29.7290   3.637440    315.888    78.5174     3.8139      7.981 1.2380e+02  0.000e+00
      6.228    14.1762    29.7287   3.637377    315.863    78.5174     3.8139      7.981 1.2172e+02  0.000e+00
      6.191    14.1757    29.7286   3.637321    315.835    78.5174     3.8139      7.981 1.2000e+02  0.000e+00
      6.176    14.1750    29.7282   3.637220    315.806    78.5174     3.8139      7.981 1.1967e+02  0.000e+00
      6.191    14.1747    29.7281   3.637182    315.927    78.5174     3.8139      7.981 1.2069e+02  0.000e+00
      6.228    14.1745    29.7285   3.637213    315.763    78.5174     3.8139      7.981 1.2206e+02  0.000e+00
      6.191    14.1742    29.7292   3.637264    315.736    78.5174     3.8139      7.981 1.2206e+02  0.000e+00
      6.227    14.1747    29.7288   3.637264    315.873    78.5174     3.8139      7.981 1.2276e+02  0.000e+00
      6.191    14.1744    29.7296   3.637321    315.868    78.5174     3.8139      7.981 1.2380e+02  0.000e+00
      6.227    14.1745    29.7300   3.637377    315.556    78.5174     3.8139      7.981 1.2380e+02  0.000e+00
      6.191    14.1750    29.7298   3.637396    315.521    78.5174     3.8139      7.981 1.2380e+02  0.000e+00
      6.227    14.1759    29.7300   3.637497    315.638    78.5174     3.8139      7.981 1.2415e+02  0.000e+00
      6.191    14.1761    29.7301   3.637522    315.768    78.5174     3.8139      7.981 1.2415e+02  0.000e+00
      6.176    14.1772    29.7291   3.637503    315.753    78.5174     3.8139      7.981 1.2451e+02  0.000e+00
      6.242    14.1772    29.7285   3.637440    315.593    78.5174     3.8139      7.981 1.2415e+02  0.000e+00
      6.176    14.1767    29.7285   3.637403    315.595    78.5174     3.8139      7.981 1.2415e+02  0.000e+00
      6.242    14.1764    29.7278   3.637295    315.603    78.5443     3.8139      7.981 1.2380e+02  0.000e+00
      6.176    14.1754    29.7282   3.637245    315.595    78.9742     3.8139      7.981 1.2241e+02  0.000e+00
      6.242    14.1752    29.7288   3.637302    315.738    79.2429     3.8139      7.981 1.2137e+02  0.000e+00
      6.176    14.1754    29.7286   3.637289    315.734    79.2698     3.8139      7.981 1.2137e+02  0.000e+00
      6.191    14.1754    29.7283   3.637264    315.747    79.2698     3.8139      7.981 1.2000e+02  0.000e+00
      6.227    14.1755    29.7285   3.637295    315.758    79.2429     3.8139      7.981 1.1899e+02  0.000e+00
      6.190    14.1752    29.7285   3.637270    315.769    79.2429     3.7992      7.981 1.1899e+02  0.000e+00
      6.176    14.1747    29.7285   3.637226    315.781    79.2429     3.7772      7.981 1.1899e+02  0.000e+00
      6.190    14.1744    29.7281   3.637150    315.794    79.2429     3.7699      7.981 1.1899e+02  0.000e+00
      6.176    14.1737    29.7274   3.637018    315.655    79.2429     3.7699      7.981 1.1933e+02  0.000e+00
      6.190    14.1730    29.7275   3.636968    315.669    79.2429     3.7699      7.981 1.1933e+02  0.000e+00
      6.227    14.1720    29.7272   3.636854    315.675    79.2429     3.7699      7.981 1.1933e+02  0.000e+00
      6.139    14.1710    29.7269   3.636734    315.675    79.2429     3.7699      7.981 1.1933e+02  0.000e+00
      6.176    14.1694    29.7277   3.636697    315.835    79.2429     3.7699      7.981 1.1933e+02  0.000e+00
      6.190    14.1693    29.7279   3.636703    315.985    79.2429     3.7699      7.981 1.1933e+02  0.000e+00
      6.176    14.1686    29.7286   3.636722    315.994    79.2429     3.7699      7.981 1.1933e+02  0.000e+00
      6.139    14.1683    29.7284   3.636665    315.847    79.2429     3.7699      7.981 1.1967e+02  0.000e+00
      6.176    14.1678    29.7271   3.636489    315.859    79.2429     3.7699      7.981 1.2000e+02  0.000e+00
      6.139    14.1678    29.7270   3.636470    315.875    79.2429     3.7699      7.981 1.2000e+02  0.000e+00
      6.176    14.1672    29.7290   3.636653    315.879    79.2429     3.7699      7.981 1.2069e+02  0.000e+00
      6.139    14.1679    29.7294   3.636747    315.876    79.2429     3.7699      7.981 1.2172e+02  0.000e+00
      6.124    14.1678    29.7286   3.636646    315.882    79.3773     3.7772      7.981 1.2206e+02  0.000e+00
      6.139    14.1679    29.7294   3.636747    315.895    79.5116     3.7699      7.981 1.2241e+02  0.000e+00
      6.124    14.1681    29.7298   3.636804    315.895    79.5385     3.7699      7.981 1.2415e+02  0.000e+00
      6.139    14.1683    29.7297   3.636816    315.884    79.5385     3.7699      7.981 1.2486e+02  0.000e+00
      6.124    14.1686    29.7294   3.636810    315.870    79.5116     3.7699      7.981 1.2486e+02  0.000e+00
      6.139    14.1688    29.7296   3.636842    315.869    79.5116     3.7699      7.981 1.2664e+02  0.000e+00
      6.124    14.1694    29.7297   3.636911    315.863    79.5116     3.7699      7.981 1.2736e+02  0.000e+00
      6.080    14.1699    29.7303   3.637018    316.009    79.5116     3.7699      7.981 1.2772e+02  0.000e+00
      6.124    14.1705    29.7307   3.637106    316.004    79.5116     3.7699      7.981 1.2844e+02  0.000e+00
      6.080    14.1718    29.7306   3.637213    316.002    79.5116     3.7699      7.981 1.2954e+02  0.000e+00
      6.065    14.1727    29.7308   3.637302    316.157    79.5116     3.7699      7.981 1.2954e+02  0.000e+00
      6.080    14.1738    29.7306   3.637384    316.016    79.5116     3.7846      7.981 1.3028e+02  0.000e+00
      6.124    14.1750    29.7300   3.637415    315.710    79.5116     3.9311      7.981 1.3064e+02  0.000e+00
      6.028    14.1757    29.7303   3.637503    315.682    79.5385     4.0043      7.981 1.3064e+02  0.000e+00
      6.124    14.1769    29.7291   3.637472    315.814    79.5116     4.0117      7.981 1.3064e+02  0.000e+00
      6.028    14.1779    29.7285   3.637491    315.951    79.5116     4.0043      7.981 1.3102e+02  0.000e+00
      6.065    14.1781    29.7296   3.637636    315.965    79.5116     4.0043      7.981 1.3102e+02  0.000e+00
      6.080    14.1786    29.7293   3.637642    315.966    79.5116     4.0043      7.981 1.3064e+02  0.000e+00
      6.065    14.1786    29.7299   3.637705    315.966    79.5116     4.0043      7.981 1.3064e+02  0.000e+00
      6.028    14.1789    29.7295   3.637692    315.824    79.5116     4.0043      7.981 1.3064e+02  0.000e+00
      6.065    14.1789    29.7290   3.637642    315.828    79.1623     4.0043      7.981 1.3064e+02  0.000e+00
      6.080    14.1786    29.7289   3.637592    315.807    78.6249     4.0043      7.981 1.3064e+02  0.000e+00
      6.013    14.1787    29.7290   3.637617    315.778    78.4905     4.0043      7.981 1.3064e+02  0.000e+00
      6.080    14.1786    29.7291   3.637617    315.768    78.5174     4.0043      7.981 1.3064e+02  0.000e+00
      6.013    14.1791    29.7288   3.637623    315.915    78.5443     4.0043      7.981 1.3102e+02  0.000e+00
      6.080    14.1789    29.7291   3.637642    315.929    78.5443     4.0043      7.981 1.3139e+02  0.000e+00
      6.065    14.1787    29.7291   3.637629    315.927    78.5711     4.0043      7.981 1.3139e+02  0.000e+00
      6.028    14.1794    29.7287   3.637642    315.765    78.5443     4.0043      7.981 1.3213e+02  0.000e+00
      6.013    14.1796    29.7289   3.637686    315.746    78.5711     4.0043      7.981 1.3251e+02  0.000e+00
      6.080    14.1799    29.7291   3.637737    315.576    78.5443     4.0043      7.981 1.3251e+02  0.000e+00
      6.065    14.1799    29.7291   3.637730    315.560    78.5443     3.9970      7.981 1.3326e+02  0.000e+00
      6.028    14.1806    29.7289   3.637768    315.538    78.5443     3.9970      7.986 1.3364e+02  0.000e+00
      6.065    14.1806    29.7288   3.637762    315.524    78.5443     3.9970      7.986 1.3364e+02  0.000e+00
      6.028    14.1808    29.7275   3.637629    315.510    78.5443     3.9970      7.986 1.3364e+02  0.000e+00
      6.065    14.1811    29.7271   3.637617    315.495    78.5443     3.9970      7.986 1.3364e+02  0.000e+00
      6.080    14.1811    29.7278   3.637692    315.328    78.5711     3.9970      7.986 1.3364e+02  0.000e+00
      6.013    14.1806    29.7276   3.637623    315.303    78.5443     3.9970      7.986 1.3326e+02  0.000e+00
      6.080    14.1810    29.7266   3.637541    315.269    78.5443     3.9970      7.986 1.3288e+02  0.000e+00
      6.065    14.1810    29.7276   3.637655    315.230    78.5443     4.2168      7.986 1.3288e+02  0.000e+00
      6.080    14.1811    29.7273   3.637636    315.041    78.5443     4.4073      7.986 1.3251e+02  0.000e+00
      6.065    14.1810    29.7271   3.637598    314.994    78.8667     4.4439      7.981 1.3213e+02  0.000e+00
      6.079    14.1804    29.7271   3.637560    314.964    79.7266     4.4366      7.986 1.3213e+02  0.000e+00
      6.065    14.1808    29.7271   3.637585    314.943    80.0490     4.4293      7.986 1.3213e+02  0.000e+00
      6.079    14.1801    29.7272   3.637541    314.930    80.0222     4.4293      7.986 1.3176e+02  0.000e+00
      6.065    14.1798    29.7254   3.637308    314.908    79.9953     4.4293      7.986 1.3139e+02  0.000e+00
      6.138    14.1784    29.7255   3.637207    314.893    79.9684     4.4293      7.986 1.3139e+02  0.000e+00
      6.065    14.1774    29.7243   3.636986    314.722    79.9684     4.4219      7.986 1.3102e+02  0.000e+00
      6.079    14.1754    29.7245   3.636835    314.700    79.9684     4.4293      7.986 1.3102e+02  0.000e+00
      6.124    14.1735    29.7262   3.636867    314.677    79.9684     4.4293      7.981 1.3102e+02  0.000e+00
      6.079    14.1723    29.7276   3.636923    314.648    79.9684     4.4293      7.981 1.3102e+02  0.000e+00
      6.124    14.1715    29.7283   3.636924    314.625    79.9684     4.4293      7.981 1.3102e+02  0.000e+00
      6.138    14.1711    29.7290   3.636980    314.752    79.9684     4.4293      7.981 1.3102e+02  0.000e+00
      6.124    14.1717    29.7291   3.637037    314.735    79.9684     4.4366      7.981 1.3064e+02  0.000e+00
      6.079    14.1715    29.7306   3.637182    314.720    79.9684     4.4293      7.981 1.3028e+02  0.000e+00
      6.124    14.1735    29.7291   3.637188    314.703    79.9684     4.4293      7.981 1.3028e+02  0.000e+00
      6.138    14.1738    29.7288   3.637188    314.540    79.9684     4.4293      7.981 1.2991e+02  0.000e+00
      6.124    14.1744    29.7279   3.637131    314.533    79.9684     4.4293      7.981 1.2917e+02  0.000e+00
      6.138    14.1737    29.7277   3.637056    314.688    79.9684     4.4293      7.981 1.2917e+02  0.000e+00
      6.175    14.1730    29.7279   3.637018    314.705    79.9684     4.4293      7.981 1.2844e+02  0.000e+00
      6.138    14.1727    29.7276   3.636955    314.732    79.9684     4.4293      7.981 1.2736e+02  0.000e+00
      6.124    14.1720    29.7276   3.636898    314.752    79.8610     4.4293      7.981 1.2736e+02  0.000e+00
      6.138    14.1717    29.7281   3.636924    314.746    79.2429     4.4293      7.981 1.2664e+02  0.000e+00
      6.175    14.1713    29.7277   3.636848    314.897    78.9473     4.4293      7.981 1.2592e+02  0.000e+00
      6.190    14.1710    29.7265   3.636690    315.074    78.9205     4.4293      7.981 1.2557e+02  0.000e+00
      6.124    14.1701    29.7264   3.636608    314.969    78.9742     4.2681      7.981 1.2557e+02  0.000e+00
      6.190    14.1684    29.7262   3.636438    314.864    78.9742     3.9311      7.981 1.2521e+02  0.000e+00
      6.175    14.1669    29.7265   3.636350    314.896    78.9742     3.8358      7.981 1.2521e+02  0.000e+00
      6.138    14.1654    29.7275   3.636325    314.928    78.9742     3.8358      7.981 1.2521e+02  0.000e+00
      6.175    14.1642    29.7280   3.636281    314.951    78.9742     3.8578      7.981 1.2521e+02  0.000e+00
      6.190    14.1632    29.7284   3.636237    315.127    79.0011     3.8578      7.981 1.2557e+02  0.000e+00
      6.175    14.1624    29.7288   3.636211    315.314    78.9742     3.8505      7.981 1.2557e+02  0.000e+00
      6.190    14.1618    29.7288   3.636174    315.360    79.0011     3.8505      7.981 1.2521e+02  0.000e+00
      6.175    14.1621    29.7288   3.636199    315.401    79.0011     3.8505      7.981 1.2521e+02  0.000e+00
      6.190    14.1613    29.7294   3.636192    315.462    78.9742     3.8505      7.986 1.2521e+02  0.000e+00
      6.227    14.1613    29.7291   3.636155    315.522    79.0011     3.8505      7.981 1.2415e+02  0.000e+00
      6.190    14.1610    29.7298   3.636205    315.580    78.9742     3.8505      7.981 1.2380e+02  0.000e+00
      6.175    14.1615    29.7297   3.636237    315.623    78.9742     3.8505      7.981 1.2380e+02  0.000e+00
      6.190    14.1618    29.7287   3.636155    315.365    78.9742     3.8505      7.981 1.2206e+02  0.000e+00
      6.227    14.1618    29.7289   3.636186    315.531    78.9742     3.8505      7.981 1.2103e+02  0.000e+00
      6.190    14.1627    29.7297   3.636344    315.699    78.9742     3.8505      7.981 1.2069e+02  0.000e+00
      6.175    14.1635    29.7299   3.636432    315.577    79.0011     3.8505      7.986 1.2000e+02  0.000e+00
      6.241    14.1635    29.7301   3.636463    315.603    79.2698     3.8505      7.981 1.1933e+02  0.000e+00
      6.175    14.1644    29.7283   3.636331    315.778    79.4310     3.8505      7.981 1.1899e+02  0.000e+00
      6.190    14.1644    29.7289   3.636400    315.815    79.4579     3.8505      7.981 1.1933e+02  0.000e+00
      6.227    14.1652    29.7293   3.636514    315.988    79.4310     3.8505      7.981 1.1967e+02  0.000e+00
      6.190    14.1649    29.7298   3.636533    315.870    79.4310     3.8505      7.981 1.1967e+02  0.000e+00
      6.227    14.1649    29.7301   3.636571    316.047    79.4310     3.8505      7.981 1.1967e+02  0.000e+00
      6.190    14.1651    29.7295   3.636520    316.081    79.4310     3.8505      7.981 1.2035e+02  0.000e+00
      6.175    14.1652    29.7300   3.636583    316.099    79.4310     3.8505      7.981 1.2035e+02  0.000e+00
      6.190    14.1652    29.7299   3.636577    316.119    79.4310     3.8505      7.981 1.2035e+02  0.000e+00
      6.226    14.1654    29.7298   3.636577    315.984    79.4310     3.8505      7.981 1.2035e+02  0.000e+00
      6.190    14.1656    29.7295   3.636564    315.986    79.4041     3.8432      7.986 1.2035e+02  0.000e+00
      6.175    14.1654    29.7295   3.636545    315.989    79.4310     3.8358      7.981 1.2035e+02  0.000e+00
      6.190    14.1655    29.7292   3.636533    315.992    79.4310     3.8285      7.981 1.2035e+02  0.000e+00
      6.226    14.1657    29.7289   3.636514    315.994    79.4310     3.8358      7.981 1.2035e+02  0.000e+00
      6.190    14.1654    29.7291   3.636501    315.981    79.4041     3.8358      7.981 1.2035e+02  0.000e+00
      6.175    14.1654    29.7276   3.636337    316.122    79.4310     3.8358      7.981 1.2000e+02  0.000e+00
