site/notebooks/data/aplsurp_cruises_cnvs_2024/20240718_CTD06_p29.cnv
* Sea-Bird SBE 9 Data File:
* FileName = C:\Data\RC0122ctd\20240718_CTD06_p29.hex
* Software Version Seasave V 7.26.7.107
* Temperature SN = 1121
* Conductivity SN = 2881
* Number of Bytes Per Scan = 31
* Number of Voltage Words = 4
* Number of Scans Averaged by the Deck Unit = 1
* NMEA Latitude = 47 43.27 N
* NMEA Longitude = 122 30.11 W
* NMEA UTC (Time) = Jul 18 2024  19:16:23
* NMEA baud rate = 4800
** Ship: R/V Rachel Carson
** Cruise ID: RC0122
** Tech: Jalickee
** Chief Scientist: Boyar
** Station: p29
** Cast:  06
# nquan = 10
# nvalues = 21325                                 
# units = specified
# name 0 = depSM: Depth [salt water, m]
# name 1 = t090C: Temperature [ITS-90, deg C]
# name 2 = sal00: Salinity, Practical [PSU]
# name 3 = c0S/m: Conductivity [S/m]
# name 4 = sbox0Mm/Kg: Oxygen, SBE 43 [umol/kg]
# name 5 = CStarTr0: Beam Transmission, WET Labs C-Star [%]
# name 6 = flECO-AFL: Fluorescence, WET Labs ECO-AFL/FL [mg/m^3]
# name 7 = ph: pH
# name 8 = par: PAR/Irradiance, Biospherical/Licor
# name 9 = flag:  0.000e+00
# span 0 =      0.566,    108.145                 
# span 1 =    11.3215,    15.6006                 
# span 2 =    29.5114,    30.4501                 
# span 3 =   3.448809,   3.738273                 
# span 4 =    189.620,    369.220                 
# span 5 =    65.3237,    91.6842                 
# span 6 =     0.1142,     8.2168                 
# span 7 =      7.548,      8.094                 
# span 8 = 1.0000e-12, 5.1717e+03                 
# span 9 = 0.0000e+00, 0.0000e+00                 
# interval = seconds: 0.0416667
# start_time = Jul 18 2024 19:16:23 [NMEA time, header]
# bad_flag = -9.990e-29
*END*
[from data line 1442]
      5.457    13.9514    29.7402   3.619569    284.887    80.2103     3.7626      7.888 1.2276e+02  0.000e+00
      5.501    13.9508    29.7410   3.619595    285.084    80.2103     3.7553      7.888 1.2241e+02  0.000e+00
      5.457    13.9506    29.7404   3.619519    285.138    80.2103     3.7553      7.888 1.2241e+02  0.000e+00
      5.501    13.9501    29.7389   3.619312    285.201    80.2371     3.7553      7.888 1.2380e+02  0.000e+00
      5.457    13.9501    29.7347   3.618846    285.264    80.2103     3.7553      7.888 1.2557e+02  0.000e+00
      5.501    13.9467    29.7361   3.618714    285.045    80.2103     3.7553      7.888 1.2592e+02  0.000e+00
      5.516    13.9433    29.7400   3.618859    285.257    80.2371     3.7553      7.892 1.2592e+02  0.000e+00
      5.501    13.9443    29.7385   3.618783    285.147    80.2103     3.7553      7.888 1.2664e+02  0.000e+00
      5.515    13.9442    29.7297   3.617802    285.213    80.2103     3.7553      7.888 1.2664e+02  0.000e+00
      5.501    13.9371    29.7288   3.617104    285.161    80.1297     3.7553      7.888 1.2664e+02  0.000e+00
      5.515    13.9271    29.7409   3.617582    285.101    79.6729     3.7553      7.888 1.2664e+02  0.000e+00
      5.501    13.9223    29.7539   3.618601    285.306    79.4848     3.7553      7.888 1.2628e+02  0.000e+00
      5.515    13.9292    29.7537   3.619161    285.163    79.4579     3.7553      7.888 1.2664e+02  0.000e+00
      5.501    13.9369    29.7500   3.619406    285.175    79.5116     3.7553      7.888 1.2628e+02  0.000e+00
      5.515    13.9410    29.7508   3.619840    285.200    79.4848     3.7553      7.888 1.2628e+02  0.000e+00
      5.552    13.9454    29.7532   3.620482    285.232    79.5116     3.7553      7.888 1.2628e+02  0.000e+00
      5.515    13.9530    29.7551   3.621325    285.243    79.5116     3.7553      7.883 1.2628e+02  0.000e+00
      5.501    13.9613    29.7483   3.621281    285.113    79.5116     3.7553      7.888 1.2664e+02  0.000e+00
      5.567    13.9651    29.7385   3.620538    285.323    79.5116     3.7553      7.887 1.2628e+02  0.000e+00
      5.501    13.9631    29.7352   3.620010    285.239    79.4848     3.7553      7.883 1.2664e+02  0.000e+00
      5.567    13.9603    29.7357   3.619834    285.168    79.5116     3.7553      7.888 1.2664e+02  0.000e+00
      5.501    13.9577    29.7389   3.619953    285.380    79.5116     3.7553      7.888 1.2664e+02  0.000e+00
      5.567    13.9574    29.7453   3.620633    285.432    79.4848     3.7553      7.883 1.2664e+02  0.000e+00
      5.500    13.9624    29.7502   3.621589    285.436    79.5116     3.8139      7.888 1.2628e+02  0.000e+00
      5.567    13.9704    29.7510   3.622357    285.599    79.5116     3.8725      7.883 1.2628e+02  0.000e+00
      5.552    13.9782    29.7493   3.622835    285.465    79.5116     3.8798      7.887 1.2592e+02  0.000e+00
      5.515    13.9841    29.7437   3.622716    285.472    79.5116     3.8725      7.887 1.2521e+02  0.000e+00
      5.552    13.9860    29.7402   3.622495    285.521    79.4848     3.8725      7.883 1.2521e+02  0.000e+00
      5.567    13.9882    29.7419   3.622867    285.399    79.5116     3.8652      7.883 1.2486e+02  0.000e+00
      5.552    13.9924    29.7399   3.623005    285.586    79.5116     3.8725      7.883 1.2380e+02  0.000e+00
      5.515    13.9958    29.7357   3.622829    285.649    80.0490     3.8652      7.883 1.2380e+02  0.000e+00
      5.552    13.9958    29.7335   3.622583    285.725    80.3984     3.8652      7.883 1.2345e+02  0.000e+00
      5.567    13.9944    29.7300   3.622092    285.804    80.4252     3.8725      7.883 1.2345e+02  0.000e+00
      5.552    13.9917    29.7254   3.621356    285.886    80.3984     3.8652      7.883 1.2310e+02  0.000e+00
      5.567    13.9846    29.7245   3.620651    285.994    80.3715     3.8725      7.883 1.2380e+02  0.000e+00
      5.500    13.9769    29.7258   3.620142    286.091    80.3984     3.8652      7.883 1.2451e+02  0.000e+00
      5.567    13.9701    29.7274   3.619745    286.192    80.3984     3.8725      7.883 1.2486e+02  0.000e+00
      5.552    13.9673    29.7244   3.619186    286.269    80.3715     3.8725      7.883 1.2521e+02  0.000e+00
      5.567    13.9606    29.7225   3.618405    286.528    80.3984     3.8652      7.883 1.2592e+02  0.000e+00
      5.552    13.9531    29.7275   3.618318    286.485    80.3715     3.8725      7.878 1.2664e+02  0.000e+00
      5.515    13.9481    29.7342   3.618626    286.558    80.3984     3.8652      7.883 1.2664e+02  0.000e+00
      5.552    13.9448    29.7395   3.618928    286.643    80.3984     3.8725      7.878 1.2486e+02  0.000e+00
      5.515    13.9452    29.7496   3.620073    286.688    80.3715     3.8725      7.883 1.2415e+02  0.000e+00
      5.552    13.9520    29.7518   3.620885    286.859    80.3984     3.8652      7.883 1.2415e+02  0.000e+00
      5.566    13.9572    29.7454   3.620620    286.751    80.3715     3.8725      7.878 1.2172e+02  0.000e+00
      5.500    13.9579    29.7374   3.619802    286.942    80.3984     3.8652      7.883 1.2000e+02  0.000e+00
      5.566    13.9548    29.7362   3.619412    287.020    80.3715     3.8725      7.878 1.1933e+02  0.000e+00
      5.500    13.9520    29.7417   3.619771    286.927    80.3984     3.8652      7.883 1.1899e+02  0.000e+00
      5.566    13.9543    29.7435   3.620173    287.115    80.3984     3.8725      7.878 1.1798e+02  0.000e+00
      5.500    13.9574    29.7390   3.619941    286.987    80.3715     3.7333      7.883 1.1798e+02  0.000e+00
      5.515    13.9560    29.7275   3.618557    287.213    80.5327     3.4988      7.883 1.1832e+02  0.000e+00
      5.552    13.9467    29.7309   3.618154    287.317    80.6402     3.4329      7.878 1.1933e+02  0.000e+00
      5.515    13.9459    29.7407   3.619154    287.204    80.6940     3.4402      7.883 1.1933e+02  0.000e+00
      5.500    13.9477    29.7430   3.619557    287.389    80.6671     3.4476      7.878 1.2035e+02  0.000e+00
      5.515    13.9484    29.7398   3.619268    287.274    80.6940     3.4476      7.883 1.2345e+02  0.000e+00
      5.500    13.9472    29.7329   3.618412    287.485    80.6940     3.4476      7.878 1.2415e+02  0.000e+00
      5.515    13.9417    29.7286   3.617462    287.412    80.6671     3.4549      7.878 1.2451e+02  0.000e+00
      5.551    13.9349    29.7294   3.616984    287.633    80.6940     3.4476      7.883 1.2592e+02  0.000e+00
      5.456    13.9286    29.7311   3.616638    287.691    80.6671     3.4549      7.878 1.2664e+02  0.000e+00
      5.500    13.9224    29.7345   3.616481    287.738    80.6940     3.4476      7.883 1.2664e+02  0.000e+00
      5.515    13.9180    29.7368   3.616362    287.789    80.6940     3.4476      7.883 1.2592e+02  0.000e+00
      5.500    13.9142    29.7423   3.616638    287.816    80.6671     3.4549      7.878 1.2592e+02  0.000e+00
      5.514    13.9138    29.7480   3.617230    287.670    80.6940     3.4476      7.883 1.2557e+02  0.000e+00
      5.500    13.9160    29.7493   3.617563    287.812    80.6671     3.4549      7.878 1.2486e+02  0.000e+00
      5.456    13.9182    29.7475   3.617544    287.818    80.6940     3.4476      7.878 1.2451e+02  0.000e+00
      5.500    13.9182    29.7444   3.617204    287.842    80.6671     3.4476      7.878 1.2415e+02  0.000e+00
      5.514    13.9165    29.7419   3.616789    287.862    80.6671     3.4476      7.878 1.2486e+02  0.000e+00
      5.500    13.9135    29.7410   3.616437    287.897    80.6940     3.4476      7.878 1.2486e+02  0.000e+00
      5.455    13.9116    29.7422   3.616412    287.907    80.6671     3.4549      7.878 1.2486e+02  0.000e+00
      5.500    13.9101    29.7452   3.616620    287.746    80.6940     3.4476      7.883 1.2557e+02  0.000e+00
      5.455    13.9114    29.7442   3.616613    287.883    80.3715     3.4476      7.878 1.2628e+02  0.000e+00
      5.500    13.9118    29.7419   3.616393    287.889    79.8878     3.4549      7.878 1.2664e+02  0.000e+00
      5.455    13.9094    29.7434   3.616349    288.053    79.7803     3.4476      7.878 1.2628e+02  0.000e+00
      5.500    13.9063    29.7485   3.616651    288.088    79.7803     3.4549      7.878 1.2664e+02  0.000e+00
      5.455    13.9052    29.7562   3.617400    287.936    79.8072     3.4476      7.878 1.2664e+02  0.000e+00
      5.499    13.9064    29.7652   3.618488    288.065    79.8072     3.4329      7.878 1.2592e+02  0.000e+00
      5.455    13.9135    29.7701   3.619627    288.023    79.8072     3.3450      7.878 1.2557e+02  0.000e+00
      5.499    13.9283    29.7658   3.620413    287.942    79.8341     3.2937      7.878 1.2521e+02  0.000e+00
      5.455    13.9430    29.7507   3.619997    287.892    79.8072     3.3010      7.878 1.2451e+02  0.000e+00
      5.499    13.9459    29.7366   3.618695    287.758    79.8072     3.3010      7.878 1.2276e+02  0.000e+00
      5.455    13.9405    29.7323   3.617770    287.790    79.8072     3.3010      7.878 1.2206e+02  0.000e+00
      5.499    13.9349    29.7358   3.617682    287.657    79.8072     3.3010      7.883 1.2172e+02  0.000e+00
      5.455    13.9330    29.7424   3.618249    287.788    79.8341     3.3010      7.878 1.2000e+02  0.000e+00
      5.499    13.9345    29.7417   3.618299    287.775    79.8072     3.3010      7.878 1.1933e+02  0.000e+00
      5.514    13.9332    29.7391   3.617896    287.626    79.8341     3.3010      7.878 1.1933e+02  0.000e+00
      5.440    13.9295    29.7413   3.617827    287.621    79.8072     3.3010      7.878 1.1832e+02  0.000e+00
      5.514    13.9300    29.7453   3.618305    287.592    79.8072     3.3010      7.883 1.1798e+02  0.000e+00
      5.499    13.9327    29.7457   3.618576    287.721    79.8072     3.3010      7.878 1.1798e+02  0.000e+00
      5.455    13.9362    29.7416   3.618425    287.699    79.8072     3.3010      7.878 1.1798e+02  0.000e+00
      5.499    13.9362    29.7390   3.618142    287.544    79.8341     3.3010      7.878 1.1832e+02  0.000e+00
      5.514    13.9351    29.7394   3.618091    287.529    79.9953     3.3010      7.878 1.1832e+02  0.000e+00
      5.499    13.9347    29.7402   3.618148    287.355    80.4252     3.3010      7.878 1.1899e+02  0.000e+00
      5.455    13.9344    29.7398   3.618072    287.336    80.6133     3.3010      7.878 1.1967e+02  0.000e+00
      5.551    13.9330    29.7389   3.617865    287.471    80.5865     3.3010      7.878 1.2000e+02  0.000e+00
      5.455    13.9322    29.7391   3.617814    287.466    80.5596     3.3010      7.883 1.2137e+02  0.000e+00
      5.499    13.9315    29.7400   3.617859    287.618    80.5865     3.3010      7.878 1.2345e+02  0.000e+00
      5.514    13.9307    29.7402   3.617802    287.463    80.5596     3.3010      7.878 1.2380e+02  0.000e+00
      5.499    13.9291    29.7409   3.617758    287.310    80.5865     3.3010      7.883 1.2451e+02  0.000e+00
      5.514    13.9285    29.7414   3.617752    287.283    80.5865     3.3010      7.878 1.2592e+02  0.000e+00
      5.499    13.9271    29.7422   3.617720    287.118    80.5596     3.3010      7.883 1.2628e+02  0.000e+00
      5.514    13.9263    29.7436   3.617808    287.093    80.5865     3.3010      7.883 1.2628e+02  0.000e+00
      5.551    13.9278    29.7439   3.617966    286.892    80.5865     3.3084      7.878 1.2664e+02  0.000e+00
      5.514    13.9295    29.7431   3.618028    286.845    80.5865     3.5721      7.883 1.2628e+02  0.000e+00
      5.499    13.9298    29.7436   3.618110    286.793    80.5596     3.7772      7.878 1.2664e+02  0.000e+00
      5.514    13.9297    29.7437   3.618110    286.761    80.5865     3.7992      7.883 1.2664e+02  0.000e+00
      5.499    13.9300    29.7454   3.618318    286.864    80.5865     3.7919      7.878 1.2664e+02  0.000e+00
      5.514    13.9320    29.7469   3.618657    286.832    80.5865     3.7846      7.883 1.2664e+02  0.000e+00
      5.550    13.9342    29.7435   3.618475    286.811    80.5865     3.7846      7.883 1.2664e+02  0.000e+00
      5.514    13.9334    29.7384   3.617833    286.811    80.5596     3.7846      7.878 1.2664e+02  0.000e+00
      5.499    13.9293    29.7325   3.616846    286.678    80.5865     3.7846      7.883 1.2664e+02  0.000e+00
      5.514    13.9215    29.7317   3.616104    286.856    80.5059     3.7846      7.878 1.2628e+02  0.000e+00
      5.550    13.9141    29.7360   3.615947    286.716    79.9684     3.7846      7.883 1.2664e+02  0.000e+00
      5.514    13.9097    29.7438   3.616425    286.704    79.7266     3.7846      7.883 1.2628e+02  0.000e+00
      5.499    13.9104    29.7496   3.617117    286.670    79.6997     3.7846      7.878 1.2664e+02  0.000e+00
      5.513    13.9143    29.7515   3.617657    286.627    79.7266     3.7846      7.883 1.2628e+02  0.000e+00
      5.550    13.9177    29.7484   3.617607    286.601    79.7266     3.7846      7.878 1.2628e+02  0.000e+00
      5.513    13.9186    29.7452   3.617337    286.589    79.7266     3.7846      7.883 1.2592e+02  0.000e+00
      5.499    13.9178    29.7445   3.617192    286.584    79.7266     3.7846      7.883 1.2557e+02  0.000e+00
      5.565    13.9172    29.7470   3.617412    286.564    79.7266     3.7846      7.878 1.2557e+02  0.000e+00
      5.499    13.9187    29.7494   3.617802    286.542    79.7266     3.7846      7.883 1.2486e+02  0.000e+00
      5.513    13.9214    29.7520   3.618318    286.671    79.7266     3.7846      7.878 1.2380e+02  0.000e+00
      5.499    13.9271    29.7515   3.618746    286.662    79.7266     3.7846      7.883 1.2345e+02  0.000e+00
      5.565    13.9342    29.7486   3.619035    286.653    79.7266     3.7846      7.878 1.2276e+02  0.000e+00
      5.499    13.9391    29.7461   3.619173    286.334    79.7266     3.7846      7.878 1.2172e+02  0.000e+00
      5.513    13.9427    29.7410   3.618909    286.483    79.7266     3.7846      7.883 1.2103e+02  0.000e+00
      5.499    13.9415    29.7366   3.618324    286.364    79.7266     3.7846      7.878 1.2069e+02  0.000e+00
      5.513    13.9383    29.7350   3.617877    286.243    79.7535     3.7846      7.883 1.1865e+02  0.000e+00
      5.550    13.9347    29.7363   3.617726    286.418    79.7535     3.7846      7.878 1.1765e+02  0.000e+00
      5.513    13.9318    29.7398   3.617859    286.276    79.7266     3.8505      7.878 1.1765e+02  0.000e+00
      5.498    13.9310    29.7426   3.618098    286.578    79.7266     3.9457      7.883 1.1632e+02  0.000e+00
      5.513    13.9318    29.7426   3.618167    286.428    79.7266     3.9750      7.878 1.1599e+02  0.000e+00
      5.498    13.9317    29.7420   3.618091    286.441    80.0490     3.9677      7.883 1.1599e+02  0.000e+00
      5.513    13.9308    29.7420   3.618022    286.461    80.2640     3.9677      7.878 1.1567e+02  0.000e+00
      5.498    13.9308    29.7384   3.617619    286.317    80.2909     3.9677      7.883 1.1567e+02  0.000e+00
      5.513    13.9271    29.7350   3.616934    286.340    80.2909     3.9604      7.883 1.1534e+02  0.000e+00
      5.498    13.9222    29.7346   3.616481    286.211    80.2640     3.9677      7.878 1.1567e+02  0.000e+00
      5.513    13.9172    29.7355   3.616148    286.239    80.2640     3.9604      7.883 1.1567e+02  0.000e+00
      5.498    13.9128    29.7366   3.615896    286.420    80.2640     3.9677      7.878 1.1567e+02  0.000e+00
      5.513    13.9090    29.7412   3.616085    286.285    80.2640     3.9677      7.883 1.1632e+02  0.000e+00
      5.498    13.9076    29.7451   3.616387    286.282    80.2909     3.9604      7.883 1.1665e+02  0.000e+00
      5.454    13.9074    29.7484   3.616727    286.108    80.2640     3.9677      7.878 1.1698e+02  0.000e+00
      5.498    13.9097    29.7513   3.617249    286.222    80.2640     3.9604      7.878 1.1732e+02  0.000e+00
      5.513    13.9141    29.7551   3.618041    286.195    80.2640     3.9677      7.878 1.1798e+02  0.000e+00
