site/notebooks/data/aplsurp_cruises_cnvs_2024/20240716_CTD01_p28.cnv
* Sea-Bird SBE 9 Data File:
* FileName = C:\Data\RC0122ctd\20240716_CTD01_p28.hex
* Software Version Seasave V 7.26.7.107
* Temperature SN = 1121
* Conductivity SN = 2881
* Number of Bytes Per Scan = 31
* Number of Voltage Words = 4
* Number of Scans Averaged by the Deck Unit = 1
* NMEA Latitude = 47 42.09 N
* NMEA Longitude = 122 27.18 W
* NMEA UTC (Time) = Jul 16 2024  16:05:55
* NMEA baud rate = 4800
** Ship: R/V Rachel Carson
** Cruise ID: RC0121
** Tech: Jalickee
** Chief Scientist: Boyar
** Station: p28
** Cast:  01
# nquan = 10
# nvalues = 35041                                 
# units = specified
# name 0 = depSM: Depth [salt water, m]
# name 1 = t090C: Temperature [ITS-90, deg C]
# name 2 = sal00: Salinity, Practical [PSU]
# name 3 = c0S/m: Conductivity [S/m]
# name 4 = sbox0Mm/Kg: Oxygen, SBE 43 [umol/kg]
# name 5 = CStarTr0: Beam Transmission, WET Labs C-Star [%]
# name 6 = flECO-AFL: Fluorescence, WET Labs ECO-AFL/FL [mg/m^3]
# name 7 = ph: pH
# name 8 = par: PAR/Irradiance, Biospherical/Licor
# name 9 = flag:  0.000e+00
# span 0 =      0.125,    186.089                 
# span 1 =    11.1401,    16.9285                 
# span 2 =    26.2749,    30.5865                 
# span 3 =   3.393952,   3.793179                 
# span 4 =    189.641,    447.382                 
# span 5 =    61.8573,    93.0546                 
# span 6 =     0.0849,     9.6673                 
# span 7 =      7.605,      8.370                 
# span 8 = 1.0000e-12, 3.7322e+03                 
# span 9 = 0.0000e+00, 0.0000e+00                 
# interval = seconds: 0.0416667
# start_time = Jul 16 2024 16:05:55 [NMEA time, header]
# bad_flag = -9.990e-29
*END*
[from data line 5190]
      0.586    16.8808    29.0526   3.789457    408.591    63.4159     2.1875      8.369 3.6801e+03  0.000e+00
      0.638    16.8808    29.0523   3.789431    408.751    63.4159     2.1875      8.369 3.6801e+03  0.000e+00
      0.630    16.8808    29.0525   3.789457    408.761    63.4427     2.1875      8.364 3.6801e+03  0.000e+00
      0.638    16.8808    29.0525   3.789457    408.761    63.4159     2.1948      8.364 3.6801e+03  0.000e+00
      0.638    16.8804    29.0531   3.789489    408.627    63.4159     2.1948      8.364 3.6801e+03  0.000e+00
      0.630    16.8806    29.0527   3.789463    408.769    63.4159     2.1875      8.369 3.6801e+03  0.000e+00
      0.586    16.8806    29.0528   3.789476    408.763    63.4159     2.1875      8.369 3.6801e+03  0.000e+00
      0.638    16.8808    29.0526   3.789469    408.916    63.4159     2.1875      8.369 3.6801e+03  0.000e+00
      0.630    16.8811    29.0527   3.789508    408.784    63.4159     2.1948      8.364 3.6801e+03  0.000e+00
      0.638    16.8811    29.0523   3.789457    408.790    63.4159     2.1948      8.364 3.6801e+03  0.000e+00
      0.571    16.8806    29.0529   3.789476    408.648    63.4159     2.1875      8.369 3.6801e+03  0.000e+00
      0.638    16.8810    29.0525   3.789463    408.631    64.1145     2.1875      8.369 3.6698e+03  0.000e+00
      0.637    16.8808    29.0528   3.789489    408.613    64.6251     2.1875      8.369 3.6801e+03  0.000e+00
      0.630    16.8806    29.0532   3.789521    408.593    64.7057     2.1948      8.364 3.6801e+03  0.000e+00
      0.637    16.8808    29.0534   3.789559    408.581    64.6519     2.1948      8.364 3.6801e+03  0.000e+00
      0.586    16.8801    29.0539   3.789559    408.428    64.6251     2.1948      8.369 3.6801e+03  0.000e+00
      0.630    16.8804    29.0537   3.789559    408.408    64.6519     2.1875      8.369 3.6801e+03  0.000e+00
      0.637    16.8806    29.0536   3.789566    408.242    64.6519     2.2168      8.369 3.6801e+03  0.000e+00
      0.637    16.8810    29.0533   3.789559    408.220    64.6519     2.2754      8.369 3.6801e+03  0.000e+00
      0.630    16.8810    29.0533   3.789566    408.200    64.6251     2.2901      8.364 3.6801e+03  0.000e+00
      0.637    16.8813    29.0535   3.789610    408.324    64.6251     2.2901      8.364 3.6801e+03  0.000e+00
      0.534    16.8811    29.0533   3.789572    408.302    64.6251     2.2901      8.364 3.6801e+03  0.000e+00
      0.733    16.8808    29.0532   3.789540    408.153    64.6251     2.2901      8.369 3.6801e+03  0.000e+00
      0.637    16.8806    29.0524   3.789425    407.979    64.6519     2.2827      8.369 3.6801e+03  0.000e+00
      0.630    16.8803    29.0524   3.789399    408.088    64.6519     2.2827      8.369 3.6801e+03  0.000e+00
      0.637    16.8803    29.0526   3.789418    408.061    64.6251     2.2901      8.364 3.6801e+03  0.000e+00
      0.637    16.8806    29.0520   3.789373    408.034    64.6251     2.2901      8.364 3.6801e+03  0.000e+00
      0.630    16.8804    29.0514   3.789290    407.867    64.6251     2.2901      8.369 3.6801e+03  0.000e+00
      0.637    16.8808    29.0519   3.789386    407.827    64.6519     2.2827      8.369 3.6801e+03  0.000e+00
      0.637    16.8803    29.0529   3.789457    407.938    64.6519     2.2827      8.369 3.6698e+03  0.000e+00
      0.630    16.8804    29.0530   3.789482    407.923    64.6519     2.2901      8.364 3.6698e+03  0.000e+00
      0.637    16.8808    29.0526   3.789463    407.910    64.7057     2.2901      8.364 3.6801e+03  0.000e+00
      0.637    16.8811    29.0528   3.789514    408.029    64.8132     2.2901      8.364 3.6801e+03  0.000e+00
      0.630    16.8810    29.0530   3.789527    408.450    64.8669     2.2827      8.369 3.6801e+03  0.000e+00
      0.637    16.8811    29.0527   3.789508    408.768    64.8669     2.2827      8.369 3.6698e+03  0.000e+00
      0.696    16.8811    29.0523   3.789463    408.964    64.8400     2.2827      8.364 3.6698e+03  0.000e+00
      0.630    16.8810    29.0529   3.789514    408.739    64.8400     2.2901      8.364 3.6801e+03  0.000e+00
      0.637    16.8810    29.0528   3.789502    408.341    64.8400     2.2901      8.364 3.6801e+03  0.000e+00
      0.681    16.8813    29.0529   3.789540    408.344    64.8400     2.2901      8.369 3.6801e+03  0.000e+00
      0.696    16.8811    29.0522   3.789444    408.363    64.8400     2.2827      8.369 3.6904e+03  0.000e+00
      0.637    16.8810    29.0530   3.789521    408.363    64.8400     2.2827      8.369 3.6801e+03  0.000e+00
      0.681    16.8811    29.0536   3.789617    408.510    64.8400     2.2901      8.364 3.6801e+03  0.000e+00
      0.637    16.8817    29.0538   3.789674    408.362    64.8400     2.2901      8.364 3.6698e+03  0.000e+00
      0.696    16.8823    29.0534   3.789694    408.363    64.8400     2.2827      8.364 3.6801e+03  0.000e+00
      0.681    16.8832    29.0529   3.789700    408.216    64.8400     2.2608      8.369 3.6698e+03  0.000e+00
      0.696    16.8834    29.0525   3.789668    408.077    64.8400     2.2388      8.369 3.6698e+03  0.000e+00
      0.637    16.8832    29.0526   3.789662    408.069    64.8400     2.2388      8.369 3.6698e+03  0.000e+00
      0.681    16.8829    29.0530   3.789687    408.213    64.8400     2.2388      8.364 3.6698e+03  0.000e+00
      0.696    16.8829    29.0532   3.789713    408.210    64.8400     2.2461      8.364 3.6698e+03  0.000e+00
      0.696    16.8823    29.0537   3.789732    408.065    64.8400     2.2461      8.364 3.6698e+03  0.000e+00
      0.630    16.8818    29.0539   3.789700    408.064    64.8400     2.2461      8.364 3.6698e+03  0.000e+00
      0.696    16.8815    29.0537   3.789649    408.070    64.5444     2.2461      8.364 3.6698e+03  0.000e+00
      0.696    16.8815    29.0532   3.789598    407.928    63.9533     2.2388      8.369 3.6698e+03  0.000e+00
      0.681    16.8813    29.0529   3.789540    407.911    63.7921     2.2388      8.369 3.6698e+03  0.000e+00
      0.637    16.8817    29.0517   3.789431    407.903    63.7921     2.2388      8.369 3.6698e+03  0.000e+00
      0.681    16.8810    29.0521   3.789418    407.905    63.7921     2.2461      8.364 3.6698e+03  0.000e+00
      0.637    16.8806    29.0522   3.789405    407.912    63.8189     2.2461      8.364 3.6801e+03  0.000e+00
      0.696    16.8801    29.0527   3.789418    407.917    63.8189     2.2461      8.364 3.6801e+03  0.000e+00
      0.630    16.8798    29.0523   3.789348    408.207    63.8189     2.2388      8.369 3.6801e+03  0.000e+00
      0.696    16.8789    29.0532   3.789380    408.226    63.8189     2.2388      8.369 3.6698e+03  0.000e+00
      0.637    16.8791    29.0554   3.789642    408.228    63.8189     2.2388      8.369 3.6698e+03  0.000e+00
      0.630    16.8799    29.0576   3.789982    408.083    63.7921     2.2461      8.364 3.6698e+03  0.000e+00
      0.696    16.8822    29.0573   3.790136    408.217    63.8189     2.2461      8.364 3.6801e+03  0.000e+00
      0.637    16.8832    29.0562   3.790091    408.079    63.8189     2.2461      8.364 3.6801e+03  0.000e+00
      0.630    16.8844    29.0551   3.790059    407.921    63.8189     2.2388      8.369 3.6801e+03  0.000e+00
      0.637    16.8904    29.0518   3.790181    407.868    63.8189     2.2388      8.369 3.6801e+03  0.000e+00
      0.696    16.8934    29.0477   3.789956    407.834    63.8189     2.2388      8.369 3.6801e+03  0.000e+00
      0.630    16.8930    29.0454   3.789655    407.814    63.8189     2.2461      8.364 3.6801e+03  0.000e+00
      0.637    16.8918    29.0467   3.789700    407.795    63.8189     2.2461      8.364 3.6801e+03  0.000e+00
      0.681    16.8922    29.0460   3.789649    407.783    63.8189     2.2461      8.364 3.6801e+03  0.000e+00
      0.637    16.8918    29.0428   3.789245    407.779    63.8189     2.2021      8.369 3.6801e+03  0.000e+00
      0.637    16.8890    29.0408   3.788777    407.783    63.8727     2.1728      8.369 3.6698e+03  0.000e+00
      0.630    16.8832    29.0416   3.788374    407.793    64.0876     2.1802      8.364 3.6698e+03  0.000e+00
      0.696    16.8753    29.0451   3.788124    407.825    64.1683     2.1802      8.364 3.6698e+03  0.000e+00
      0.637    16.8696    29.0493   3.788131    407.833    64.1683     2.1802      8.364 3.6698e+03  0.000e+00
      0.630    16.8686    29.0524   3.788406    407.810    64.1683     2.1802      8.369 3.6698e+03  0.000e+00
      0.637    16.8700    29.0550   3.788823    407.761    64.1683     2.1728      8.369 3.6801e+03  0.000e+00
      0.696    16.8725    29.0542   3.788951    407.858    64.1683     2.1728      8.369 3.6698e+03  0.000e+00
      0.629    16.8736    29.0515   3.788726    407.987    64.1683     2.1802      8.364 3.6698e+03  0.000e+00
      0.637    16.8746    29.0505   3.788694    407.981    64.1414     2.1802      8.364 3.6698e+03  0.000e+00
      0.696    16.8753    29.0499   3.788688    407.979    64.1683     2.1802      8.364 3.6698e+03  0.000e+00
      0.681    16.8751    29.0502   3.788701    407.987    64.1414     2.1802      8.369 3.6698e+03  0.000e+00
      0.637    16.8713    29.0530   3.788714    407.903    64.1683     2.1728      8.369 3.6698e+03  0.000e+00
      0.570    16.8667    29.0563   3.788694    407.837    64.1683     2.1728      8.369 3.6698e+03  0.000e+00
      0.747    16.8625    29.0592   3.788701    408.072    64.1683     2.1728      8.369 3.6698e+03  0.000e+00
      0.637    16.8610    29.0605   3.788714    408.124    64.1414     2.1802      8.364 3.6698e+03  0.000e+00
      0.681    16.8588    29.0610   3.788592    408.161    64.1683     2.1802      8.364 3.6801e+03  0.000e+00
      0.696    16.8593    29.0596   3.788464    408.182    64.1683     2.1802      8.369 3.6801e+03  0.000e+00
      0.637    16.8622    29.0582   3.788547    408.036    64.1683     2.1802      8.369 3.6698e+03  0.000e+00
      0.681    16.8655    29.0563   3.788598    407.886    64.1683     2.1728      8.369 3.6698e+03  0.000e+00
      0.637    16.8648    29.0575   3.788688    407.899    64.1683     2.1728      8.369 3.6698e+03  0.000e+00
      0.696    16.8641    29.0589   3.788797    407.909    64.1951     2.1802      8.364 3.6698e+03  0.000e+00
      0.629    16.8629    29.0605   3.788880    408.061    64.6251     2.1802      8.364 3.6698e+03  0.000e+00
      0.696    16.8610    29.0622   3.788919    408.083    64.8400     2.1802      8.364 3.6801e+03  0.000e+00
      0.637    16.8607    29.0633   3.789008    407.933    64.8669     2.1802      8.364 3.6801e+03  0.000e+00
      0.681    16.8629    29.0620   3.789053    407.910    64.8669     2.1802      8.369 3.6801e+03  0.000e+00
      0.637    16.8660    29.0596   3.789028    407.890    64.8669     2.2315      8.369 3.6801e+03  0.000e+00
      0.585    16.8696    29.0574   3.789079    408.011    64.8669     2.3267      8.369 3.6698e+03  0.000e+00
      0.732    16.8756    29.0537   3.789162    407.984    64.8669     2.3487      8.364 3.6698e+03  0.000e+00
      0.637    16.8811    29.0507   3.789271    407.946    64.8400     2.3560      8.364 3.6698e+03  0.000e+00
      0.629    16.8847    29.0481   3.789264    407.928    64.8400     2.3487      8.364 3.6801e+03  0.000e+00
      0.637    16.8859    29.0460   3.789130    407.628    64.8400     2.3487      8.364 3.6698e+03  0.000e+00
      0.637    16.8846    29.0461   3.789021    407.611    64.8669     2.3413      8.369 3.6698e+03  0.000e+00
      0.681    16.8811    29.0479   3.788944    407.608    64.8669     2.3413      8.369 3.6698e+03  0.000e+00
      0.637    16.8784    29.0494   3.788887    407.597    64.8400     2.3413      8.369 3.6698e+03  0.000e+00
      0.637    16.8746    29.0524   3.788912    407.593    64.8400     2.3487      8.364 3.6698e+03  0.000e+00
      0.629    16.8710    29.0551   3.788925    407.589    64.8400     2.3487      8.364 3.6801e+03  0.000e+00
      0.637    16.8710    29.0554   3.788957    407.587    64.8400     2.3487      8.364 3.6801e+03  0.000e+00
      0.637    16.8724    29.0546   3.788983    407.579    64.8400     2.3413      8.369 3.6801e+03  0.000e+00
      0.629    16.8718    29.0557   3.789066    407.581    64.8669     2.3413      8.369 3.6801e+03  0.000e+00
      0.637    16.8730    29.0551   3.789098    407.711    64.8400     2.3413      8.369 3.6698e+03  0.000e+00
      0.637    16.8744    29.0540   3.789092    407.718    64.8400     2.3487      8.364 3.6698e+03  0.000e+00
      0.629    16.8756    29.0530   3.789072    407.572    65.0550     2.3487      8.364 3.6698e+03  0.000e+00
      0.637    16.8770    29.0523   3.789111    407.404    65.2431     2.3487      8.364 3.6698e+03  0.000e+00
      0.681    16.8782    29.0511   3.789072    407.377    65.2700     2.3487      8.364 3.6801e+03  0.000e+00
      0.636    16.8787    29.0505   3.789040    407.350    65.2700     2.3487      8.364 3.6801e+03  0.000e+00
      0.636    16.8791    29.0503   3.789053    407.470    65.2700     2.3413      8.369 3.6698e+03  0.000e+00
      0.629    16.8792    29.0503   3.789066    407.459    65.2700     2.3413      8.369 3.6698e+03  0.000e+00
      0.636    16.8799    29.0506   3.789156    407.444    65.2700     2.3413      8.369 3.6698e+03  0.000e+00
      0.636    16.8796    29.0509   3.789162    407.438    65.2700     2.3413      8.369 3.6698e+03  0.000e+00
      0.681    16.8796    29.0507   3.789136    407.289    65.2700     2.3487      8.364 3.6698e+03  0.000e+00
      0.636    16.8794    29.0505   3.789098    407.272    65.2431     2.3487      8.364 3.6698e+03  0.000e+00
      0.636    16.8779    29.0523   3.789175    407.264    65.2431     2.3267      8.364 3.6698e+03  0.000e+00
      0.629    16.8765    29.0538   3.789245    407.256    65.2700     2.2241      8.364 3.6698e+03  0.000e+00
      0.695    16.8753    29.0543   3.789200    407.111    65.2700     2.1802      8.369 3.6698e+03  0.000e+00
      0.636    16.8734    29.0553   3.789149    407.243    65.2700     2.1728      8.369 3.6698e+03  0.000e+00
      0.629    16.8710    29.0568   3.789124    407.258    65.2700     2.1802      8.369 3.6698e+03  0.000e+00
      0.636    16.8707    29.0573   3.789156    407.273    65.2700     2.1802      8.369 3.6698e+03  0.000e+00
      0.681    16.8717    29.0563   3.789130    407.431    65.2700     2.1802      8.364 3.6698e+03  0.000e+00
      0.636    16.8729    29.0556   3.789143    407.450    65.2700     2.1875      8.364 3.6698e+03  0.000e+00
      0.636    16.8744    29.0546   3.789162    407.470    65.2700     2.1875      8.364 3.6698e+03  0.000e+00
      0.629    16.8765    29.0529   3.789130    407.335    65.2700     2.1875      8.364 3.6698e+03  0.000e+00
      0.636    16.8775    29.0523   3.789156    407.330    64.8669     2.1802      8.369 3.6698e+03  0.000e+00
      0.636    16.8779    29.0527   3.789232    407.340    64.3832     2.1802      8.369 3.6698e+03  0.000e+00
      0.681    16.8785    29.0524   3.789258    407.497    64.2757     2.1802      8.369 3.6698e+03  0.000e+00
      0.636    16.8794    29.0517   3.789239    407.517    64.2757     2.1875      8.364 3.6698e+03  0.000e+00
      0.636    16.8796    29.0510   3.789175    407.545    64.3026     2.1875      8.364 3.6698e+03  0.000e+00
      0.629    16.8801    29.0499   3.789091    407.563    64.3026     2.1875      8.364 3.6594e+03  0.000e+00
      0.636    16.8789    29.0507   3.789085    407.579    64.3026     2.1875      8.364 3.6594e+03  0.000e+00
      0.636    16.8785    29.0508   3.789066    407.590    64.2757     2.1875      8.369 3.6594e+03  0.000e+00
      0.629    16.8770    29.0513   3.788989    407.610    64.3026     2.1802      8.369 3.6594e+03  0.000e+00
      0.636    16.8758    29.0503   3.788778    407.643    64.3026     2.1802      8.369 3.6594e+03  0.000e+00
      0.636    16.8744    29.0519   3.788842    407.816    64.3026     2.1802      8.369 3.6594e+03  0.000e+00
