site/notebooks/data/aplsurp_cruises_cnvs_2024/20240716_CTD01_p28.cnv
* Sea-Bird SBE 9 Data File:
* FileName = C:\Data\RC0122ctd\20240716_CTD01_p28.hex
* Software Version Seasave V 7.26.7.107
* Temperature SN = 1121
* Conductivity SN = 2881
* Number of Bytes Per Scan = 31
* Number of Voltage Words = 4
* Number of Scans Averaged by the Deck Unit = 1
* NMEA Latitude = 47 42.09 N
* NMEA Longitude = 122 27.18 W
* NMEA UTC (Time) = Jul 16 2024  16:05:55
* NMEA baud rate = 4800
** Ship: R/V Rachel Carson
** Cruise ID: RC0121
** Tech: Jalickee
** Chief Scientist: Boyar
** Station: p28
** Cast:  01
# nquan = 10
# nvalues = 35041                                 
# units = specified
# name 0 = depSM: Depth [salt water, m]
# name 1 = t090C: Temperature [ITS-90, deg C]
# name 2 = sal00: Salinity, Practical [PSU]
# name 3 = c0S/m: Conductivity [S/m]
# name 4 = sbox0Mm/Kg: Oxygen, SBE 43 [umol/kg]
# name 5 = CStarTr0: Beam Transmission, WET Labs C-Star [%]
# name 6 = flECO-AFL: Fluorescence, WET Labs ECO-AFL/FL [mg/m^3]
# name 7 = ph: pH
# name 8 = par: PAR/Irradiance, Biospherical/Licor
# name 9 = flag:  0.000e+00
# span 0 =      0.125,    186.089                 
# span 1 =    11.1401,    16.9285                 
# span 2 =    26.2749,    30.5865                 
# span 3 =   3.393952,   3.793179                 
# span 4 =    189.641,    447.382                 
# span 5 =    61.8573,    93.0546                 
# span 6 =     0.0849,     9.6673                 
# span 7 =      7.605,      8.370                 
# span 8 = 1.0000e-12, 3.7322e+03                 
# span 9 = 0.0000e+00, 0.0000e+00                 
# interval = seconds: 0.0416667
# start_time = Jul 16 2024 16:05:55 [NMEA time, header]
# bad_flag = -9.990e-29
*END*
[from data line 31280]
     10.661    14.2017    29.5995   3.625472    368.148    68.7095     8.3413      8.099 9.9950e+00  0.000e+00
     10.683    14.2014    29.6001   3.625510    368.176    68.7095     8.3413      8.099 9.9950e+00  0.000e+00
     10.551    14.2016    29.5996   3.625466    368.198    68.7363     8.3413      8.099 9.9950e+00  0.000e+00
     10.735    14.2014    29.6000   3.625503    368.247    68.7363     8.3413      8.104 1.0026e+01  0.000e+00
     10.661    14.2009    29.6001   3.625466    368.276    68.7363     8.3413      8.099 1.0026e+01  0.000e+00
     10.610    14.2012    29.5998   3.625453    368.149    68.7363     8.3413      8.099 1.0026e+01  0.000e+00
     10.683    14.2007    29.6001   3.625453    368.173    68.7363     8.3413      8.099 1.0056e+01  0.000e+00
     10.610    14.2006    29.6000   3.625428    368.177    68.7363     8.3413      8.104 1.0056e+01  0.000e+00
     10.683    14.2009    29.5994   3.625396    368.186    68.7363     8.3340      8.099 1.0056e+01  0.000e+00
     10.661    14.2007    29.5997   3.625409    368.193    68.7095     8.3413      8.104 1.0087e+01  0.000e+00
     10.624    14.2007    29.5998   3.625422    368.199    68.7095     8.3413      8.104 1.0087e+01  0.000e+00
     10.661    14.2009    29.5998   3.625440    368.360    68.7095     8.3413      8.099 1.0087e+01  0.000e+00
     10.610    14.2004    29.6001   3.625428    368.381    68.7095     8.3413      8.099 1.0087e+01  0.000e+00
     10.683    14.2003    29.5997   3.625371    368.574    68.7095     8.3413      8.099 1.0087e+01  0.000e+00
     10.610    14.1999    29.5992   3.625283    368.467    68.7095     8.3413      8.099 1.0087e+01  0.000e+00
     10.624    14.2004    29.5997   3.625377    368.484    68.7363     8.3413      8.099 1.0087e+01  0.000e+00
     10.661    14.2007    29.5998   3.625422    368.351    68.7363     7.8652      8.099 1.0056e+01  0.000e+00
     10.610    14.2006    29.6003   3.625466    368.358    68.8169     7.4695      8.099 1.0026e+01  0.000e+00
     10.624    14.2009    29.5998   3.625434    368.367    68.8976     7.3963      8.104 1.0026e+01  0.000e+00
     10.661    14.2006    29.5997   3.625396    368.382    68.9244     7.4183      8.104 9.9644e+00  0.000e+00
     10.624    14.2006    29.5998   3.625409    368.544    68.9244     7.4329      8.104 9.9339e+00  0.000e+00
     10.610    14.2006    29.5999   3.625422    368.719    68.9244     7.4329      8.104 9.9339e+00  0.000e+00
     10.624    14.2005    29.5996   3.625371    368.590    68.9244     7.4329      8.104 9.8731e+00  0.000e+00
     10.661    14.2006    29.5995   3.625377    368.588    68.9244     7.4329      8.104 9.8731e+00  0.000e+00
     10.610    14.2006    29.5998   3.625409    368.580    68.9244     7.4329      8.104 9.8731e+00  0.000e+00
     10.624    14.2007    29.5998   3.625422    368.574    68.9244     7.4329      8.104 9.9035e+00  0.000e+00
     10.610    14.2011    29.5993   3.625396    368.578    68.9244     7.4329      8.104 9.9035e+00  0.000e+00
     10.624    14.2016    29.5991   3.625409    368.581    68.8976     7.4402      8.104 9.9035e+00  0.000e+00
     10.661    14.2007    29.6000   3.625440    368.605    68.9244     7.4402      8.104 9.9035e+00  0.000e+00
     10.624    14.2006    29.5991   3.625333    368.612    68.9244     7.4329      8.099 9.9035e+00  0.000e+00
     10.610    14.2007    29.5989   3.625314    368.615    68.8976     7.4402      8.099 9.9035e+00  0.000e+00
     10.610    14.2005    29.5996   3.625371    368.773    68.9244     7.4402      8.099 9.9339e+00  0.000e+00
     10.624    14.2004    29.5996   3.625365    368.930    68.9244     7.4402      8.099 9.9339e+00  0.000e+00
     10.661    14.2002    29.5996   3.625359    368.792    68.8976     7.4402      8.099 9.9339e+00  0.000e+00
     10.624    14.2002    29.5994   3.625333    368.790    68.8976     7.4402      8.099 9.9644e+00  0.000e+00
     10.610    14.2004    29.5992   3.625327    368.786    68.9244     7.4402      8.099 9.9950e+00  0.000e+00
     10.624    14.2007    29.5996   3.625396    368.792    68.9244     7.4402      8.099 1.0026e+01  0.000e+00
     10.610    14.2006    29.6001   3.625440    368.786    68.8438     7.4402      8.099 1.0026e+01  0.000e+00
     10.661    14.2006    29.6000   3.625428    368.782    68.6826     7.4402      8.099 1.0056e+01  0.000e+00
     10.625    14.2011    29.5996   3.625422    368.770    68.6557     7.4402      8.099 1.0087e+01  0.000e+00
     10.610    14.2007    29.5990   3.625327    368.610    68.6557     7.4402      8.099 1.0087e+01  0.000e+00
     10.625    14.2011    29.5986   3.625314    368.752    68.6826     7.4402      8.099 1.0118e+01  0.000e+00
     10.610    14.2007    29.5998   3.625422    368.752    68.6826     7.5721      8.104 1.0149e+01  0.000e+00
     10.661    14.2009    29.6000   3.625453    368.752    68.6826     7.8285      8.104 1.0149e+01  0.000e+00
     10.625    14.2007    29.6001   3.625453    368.597    68.6826     7.9091      8.104 1.0149e+01  0.000e+00
     10.610    14.2012    29.6004   3.625529    368.578    68.6826     7.9018      8.104 1.0180e+01  0.000e+00
     10.625    14.2011    29.6005   3.625529    368.412    68.6826     7.8945      8.104 1.0180e+01  0.000e+00
     10.661    14.2014    29.6002   3.625522    368.385    68.6826     7.8871      8.104 1.0180e+01  0.000e+00
     10.573    14.2017    29.5995   3.625466    368.520    68.6826     7.8871      8.104 1.0180e+01  0.000e+00
     10.661    14.2012    29.5995   3.625428    368.526    68.6826     7.8871      8.104 1.0180e+01  0.000e+00
     10.610    14.2012    29.5995   3.625422    368.523    68.6826     7.8871      8.104 1.0212e+01  0.000e+00
     10.625    14.2017    29.5988   3.625396    368.519    68.6826     7.8945      8.104 1.0180e+01  0.000e+00
     10.661    14.2016    29.5993   3.625434    368.520    68.6557     7.8945      8.104 1.0180e+01  0.000e+00
     10.573    14.2011    29.5992   3.625377    368.365    68.6557     7.8945      8.104 1.0180e+01  0.000e+00
     10.661    14.2012    29.5997   3.625453    368.340    68.6557     7.8945      8.099 1.0180e+01  0.000e+00
     10.625    14.2016    29.6002   3.625535    368.308    68.6557     7.8945      8.099 1.0180e+01  0.000e+00
     10.610    14.2017    29.5980   3.625302    368.439    68.6557     7.8945      8.099 1.0149e+01  0.000e+00
     10.610    14.2016    29.5969   3.625176    368.581    68.7095     7.8945      8.099 1.0118e+01  0.000e+00
     10.625    14.2017    29.5989   3.625403    368.573    68.9513     7.8945      8.099 1.0118e+01  0.000e+00
     10.661    14.2018    29.5998   3.625510    368.568    69.0588     7.8945      8.099 1.0118e+01  0.000e+00
     10.625    14.2019    29.6000   3.625541    368.419    69.0588     7.8945      8.099 1.0087e+01  0.000e+00
     10.610    14.2014    29.6005   3.625554    368.416    69.0588     7.8945      8.099 1.0087e+01  0.000e+00
     10.661    14.2017    29.6000   3.625529    368.426    69.0588     7.8945      8.099 1.0056e+01  0.000e+00
     10.684    14.2016    29.6002   3.625541    368.423    69.0588     7.9018      8.099 1.0026e+01  0.000e+00
     10.661    14.2016    29.6001   3.625529    368.572    69.0588     7.8945      8.104 9.9950e+00  0.000e+00
     10.625    14.2016    29.6001   3.625522    368.565    69.0588     7.8871      8.104 1.0026e+01  0.000e+00
     10.610    14.2016    29.5992   3.625422    368.560    69.0588     7.8871      8.104 1.0026e+01  0.000e+00
     10.521    14.2017    29.5996   3.625484    368.546    69.0588     7.8945      8.104 1.0056e+01  0.000e+00
     10.551    14.2014    29.6002   3.625516    368.541    69.0588     7.8578      8.104 1.0056e+01  0.000e+00
     10.551    14.2017    29.5993   3.625440    368.545    69.0588     7.6527      8.104 1.0180e+01  0.000e+00
     10.573    14.2014    29.6002   3.625516    368.561    69.0588     7.5501      8.104 1.0243e+01  0.000e+00
     10.499    14.2017    29.6003   3.625554    368.558    69.0588     7.5428      8.104 1.0243e+01  0.000e+00
     10.463    14.2017    29.5998   3.625497    368.560    69.0588     7.5501      8.104 1.0401e+01  0.000e+00
     10.499    14.2022    29.5993   3.625484    368.562    69.0588     7.5575      8.104 1.0496e+01  0.000e+00
     10.463    14.2024    29.5994   3.625510    368.560    69.0319     7.5575      8.104 1.0496e+01  0.000e+00
     10.448    14.2022    29.5998   3.625541    368.407    69.0319     7.5575      8.104 1.0625e+01  0.000e+00
     10.448    14.2022    29.5997   3.625528    368.549    69.0319     7.5575      8.099 1.0756e+01  0.000e+00
     10.463    14.2019    29.5996   3.625491    368.553    69.0319     7.5575      8.099 1.0756e+01  0.000e+00
     10.448    14.2025    29.5991   3.625484    368.549    68.9244     7.5575      8.099 1.0854e+01  0.000e+00
     10.411    14.2026    29.6001   3.625604    368.697    68.8707     7.5648      8.099 1.0954e+01  0.000e+00
     10.389    14.2024    29.6004   3.625623    368.874    68.8707     7.5575      8.099 1.0987e+01  0.000e+00
     10.411    14.2026    29.6000   3.625591    369.076    68.8707     7.5575      8.099 1.1054e+01  0.000e+00
     10.337    14.2026    29.6001   3.625604    369.118    68.8707     7.5575      8.099 1.1189e+01  0.000e+00
     10.278    14.2028    29.6002   3.625617    369.159    68.8707     7.5575      8.099 1.1189e+01  0.000e+00
     10.352    14.2028    29.6001   3.625617    369.053    68.8707     7.5575      8.099 1.1258e+01  0.000e+00
     10.278    14.2033    29.5999   3.625635    369.076    68.8707     7.5648      8.099 1.1395e+01  0.000e+00
     10.300    14.2034    29.6001   3.625667    368.951    68.8976     7.5648      8.099 1.1430e+01  0.000e+00
     10.227    14.2043    29.5994   3.625654    369.112    68.8976     7.5575      8.099 1.1465e+01  0.000e+00
     10.300    14.2046    29.5990   3.625648    369.141    68.8976     7.5575      8.104 1.1604e+01  0.000e+00
     10.227    14.2046    29.5984   3.625572    369.306    68.8976     7.5575      8.104 1.1675e+01  0.000e+00
     10.227    14.2051    29.5982   3.625598    369.186    68.8707     7.5575      8.104 1.1675e+01  0.000e+00
     10.249    14.2056    29.5981   3.625635    369.207    68.8976     7.5575      8.104 1.1817e+01  0.000e+00
     10.227    14.2066    29.5985   3.625761    369.219    68.8707     7.5575      8.104 1.1925e+01  0.000e+00
     10.138    14.2078    29.5987   3.625881    369.214    68.8707     7.5648      8.104 1.1925e+01  0.000e+00
     10.175    14.2088    29.5990   3.626001    369.214    68.8707     7.5575      8.104 1.2106e+01  0.000e+00
     10.138    14.2104    29.5986   3.626082    369.347    68.8707     7.3010      8.104 1.2180e+01  0.000e+00
     10.175    14.2116    29.5980   3.626120    369.344    68.8707     7.0739      8.104 1.2217e+01  0.000e+00
     10.116    14.2129    29.5977   3.626202    369.344    68.8707     7.0373      8.104 1.2365e+01  0.000e+00
     10.138    14.2138    29.5971   3.626202    369.197    69.1663     7.0446      8.104 1.2477e+01  0.000e+00
     10.116    14.2151    29.5967   3.626271    369.337    69.4081     7.0593      8.104 1.2515e+01  0.000e+00
     10.087    14.2161    29.5977   3.626466    369.332    69.4350     7.0593      8.104 1.2667e+01  0.000e+00
     10.065    14.2177    29.5976   3.626586    369.324    69.4350     7.0593      8.104 1.2782e+01  0.000e+00
     10.087    14.2195    29.5973   3.626706    369.302    69.4350     7.0520      8.104 1.2820e+01  0.000e+00
     10.065    14.2212    29.5970   3.626819    369.276    69.4081     7.0593      8.104 1.2897e+01  0.000e+00
     10.013    14.2231    29.5958   3.626844    369.247    69.4350     7.0593      8.104 1.3054e+01  0.000e+00
     10.028    14.2241    29.5948   3.626819    369.391    69.4350     7.0593      8.104 1.3093e+01  0.000e+00
     10.013    14.2246    29.5949   3.626875    369.403    69.4350     7.0520      8.104 1.3172e+01  0.000e+00
     10.028    14.2254    29.5959   3.627052    369.411    69.4350     7.0520      8.108 1.3331e+01  0.000e+00
      9.954    14.2266    29.5961   3.627171    369.411    69.4350     7.0520      8.104 1.3371e+01  0.000e+00
      9.976    14.2281    29.5947   3.627146    369.403    69.4350     7.0520      8.103 1.3451e+01  0.000e+00
      9.954    14.2292    29.5946   3.627222    369.390    69.4350     7.0520      8.103 1.3614e+01  0.000e+00
      9.925    14.2314    29.5950   3.627455    369.517    69.4350     7.0520      8.108 1.3655e+01  0.000e+00
      9.903    14.2325    29.5945   3.627492    369.359    69.4350     7.0520      8.103 1.3696e+01  0.000e+00
      9.954    14.2334    29.5935   3.627461    369.358    69.4350     7.0520      8.103 1.3819e+01  0.000e+00
      9.866    14.2349    29.5927   3.627492    369.343    69.4350     7.0520      8.103 1.3902e+01  0.000e+00
      9.903    14.2364    29.5937   3.627738    369.174    69.4350     7.0520      8.108 1.3902e+01  0.000e+00
      9.866    14.2391    29.5972   3.628349    369.278    69.4350     7.0593      8.108 1.3986e+01  0.000e+00
      9.851    14.2439    29.6001   3.629067    369.227    69.4081     7.0593      8.108 1.4070e+01  0.000e+00
      9.814    14.2514    29.5987   3.629552    369.316    69.0857     7.0593      8.108 1.4070e+01  0.000e+00
      9.851    14.2602    29.5978   3.630188    369.102    68.6826     7.0593      8.103 1.4196e+01  0.000e+00
      9.792    14.2698    29.5991   3.631145    369.010    68.5751     7.0593      8.103 1.4282e+01  0.000e+00
      9.814    14.2807    29.5960   3.631718    369.075    68.6020     6.9860      8.103 1.4282e+01  0.000e+00
      9.741    14.2903    29.5889   3.631750    369.164    68.6288     6.8468      8.103 1.4410e+01  0.000e+00
      9.763    14.2962    29.5828   3.631579    369.292    68.6288     6.8029      8.103 1.4497e+01  0.000e+00
      9.741    14.2994    29.5795   3.631479    369.275    68.6288     6.8029      8.103 1.4540e+01  0.000e+00
      9.763    14.3017    29.5783   3.631535    369.270    68.6557     6.8102      8.103 1.4627e+01  0.000e+00
      9.741    14.3018    29.5799   3.631731    369.267    68.6557     6.8102      8.108 1.4714e+01  0.000e+00
      9.704    14.3047    29.5831   3.632323    369.083    68.6288     6.8102      8.108 1.4758e+01  0.000e+00
      9.689    14.3106    29.5836   3.632883    369.188    68.6288     6.8102      8.108 1.4803e+01  0.000e+00
      9.689    14.3167    29.5804   3.633041    369.171    68.6288     6.8102      8.113 1.4980e+01  0.000e+00
      9.652    14.3204    29.5788   3.633167    369.023    68.6557     6.8102      8.113 1.5025e+01  0.000e+00
      9.630    14.3247    29.5791   3.633570    369.005    68.6557     6.8102      8.113 1.5070e+01  0.000e+00
      9.652    14.3309    29.5786   3.634036    368.976    68.6288     6.8102      8.113 1.5296e+01  0.000e+00
      9.630    14.3367    29.5765   3.634295    368.937    68.6288     6.8102      8.113 1.5387e+01  0.000e+00
      9.593    14.3412    29.5741   3.634414    368.906    68.6288     6.8102      8.112 1.5433e+01  0.000e+00
      9.578    14.3450    29.5728   3.634584    368.865    68.6288     6.8102      8.112 1.5618e+01  0.000e+00
      9.593    14.3482    29.5714   3.634704    368.991    68.6288     6.8029      8.112 1.5711e+01  0.000e+00
      9.578    14.3512    29.5693   3.634729    368.977    68.6288     6.8102      8.117 1.5758e+01  0.000e+00
      9.527    14.3533    29.5680   3.634754    369.129    68.1183     6.8102      8.112 1.5993e+01  0.000e+00
      9.542    14.3548    29.5676   3.634836    369.130    67.0435     6.8102      8.112 1.6089e+01  0.000e+00
      9.527    14.3573    29.5680   3.635095    369.117    66.6673     6.8102      8.112 1.6137e+01  0.000e+00
      9.542    14.3600    29.5667   3.635183    369.258    66.6941     6.8102      8.112 1.6281e+01  0.000e+00
      9.468    14.3617    29.5668   3.635328    369.255    66.7479     6.8102      8.117 1.6426e+01  0.000e+00
