site/notebooks/data/aplsurp_cruises_cnvs_2024/20240717_CTD03_p28.cnv
* Sea-Bird SBE 9 Data File:
* FileName = C:\Data\RC0122ctd\20240716_CTD03_p28.hex
* Software Version Seasave V 7.26.7.107
* Temperature SN = 1121
* Conductivity SN = 2881
* Number of Bytes Per Scan = 31
* Number of Voltage Words = 4
* Number of Scans Averaged by the Deck Unit = 1
* NMEA Latitude = 47 42.77 N
* NMEA Longitude = 122 25.28 W
* NMEA UTC (Time) = Jul 17 2024  15:45:51
* NMEA baud rate = 4800
** Ship: R/V Rachel Carson
** Cruise ID: RC0121
** Tech: Jalickee
** Chief Scientist: Boyar
** Station: p28
** Cast:  03
# nquan = 10
# nvalues = 31280                                 
# units = specified
# name 0 = depSM: Depth [salt water, m]
# name 1 = t090C: Temperature [ITS-90, deg C]
# name 2 = sal00: Salinity, Practical [PSU]
# name 3 = c0S/m: Conductivity [S/m]
# name 4 = sbox0Mm/Kg: Oxygen, SBE 43 [umol/kg]
# name 5 = CStarTr0: Beam Transmission, WET Labs C-Star [%]
# name 6 = flECO-AFL: Fluorescence, WET Labs ECO-AFL/FL [mg/m^3]
# name 7 = ph: pH
# name 8 = par: PAR/Irradiance, Biospherical/Licor
# name 9 = flag:  0.000e+00
# span 0 =      0.431,    186.510                 
# span 1 =    11.1559,    16.2313                 
# span 2 =    28.9798,    30.6443                 
# span 3 =   3.437885,   3.738677                 
# span 4 =    186.814,    413.095                 
# span 5 =    67.7421,    93.1084                 
# span 6 =     0.0849,     6.5684                 
# span 7 =      7.567,      8.228                 
# span 8 = 1.0000e-12, 1.2150e+03                 
# span 9 = 0.0000e+00, 0.0000e+00                 
# interval = seconds: 0.0416667
# start_time = Jul 17 2024 15:45:51 [NMEA time, header]
# bad_flag = -9.990e-29
*END*
[from data line 21910]
    101.620    11.2046    30.3921   3.460187    191.764    91.7648     0.1069      7.591 1.0000e-12  0.000e+00
    101.649    11.2044    30.3924   3.460206    191.606    91.7648     0.1069      7.596 1.0000e-12  0.000e+00
    101.561    11.2048    30.3923   3.460218    191.596    91.7380     0.1069      7.596 1.0000e-12  0.000e+00
    101.561    11.2044    30.3914   3.460101    191.761    91.7648     0.1069      7.596 1.0000e-12  0.000e+00
    101.539    11.2041    30.3911   3.460039    191.592    91.7380     0.1142      7.596 1.0000e-12  0.000e+00
    101.561    11.2039    30.3913   3.460051    191.408    91.7648     0.1142      7.591 1.0000e-12  0.000e+00
    101.539    11.2038    30.3918   3.460082    191.558    91.7111     0.1142      7.591 1.0000e-12  0.000e+00
    101.450    11.2041    30.3918   3.460113    191.557    91.6305     0.1142      7.591 1.0000e-12  0.000e+00
    101.509    11.2039    30.3934   3.460261    191.544    91.6036     0.1069      7.591 1.0000e-12  0.000e+00
    101.428    11.2041    30.3949   3.460422    191.695    91.6036     0.1069      7.596 1.0000e-12  0.000e+00
    101.288    11.2054    30.3954   3.460583    191.374    91.6036     0.1069      7.596 1.0000e-12  0.000e+00
    101.561    11.2061    30.3960   3.460719    191.370    91.6305     0.1069      7.596 1.0000e-12  0.000e+00
    101.428    11.2064    30.3965   3.460793    191.526    91.6036     0.1142      7.596 1.0000e-12  0.000e+00
    101.347    11.2072    30.3958   3.460787    191.535    91.6036     0.1142      7.591 1.0000e-12  0.000e+00
    101.377    11.2074    30.3956   3.460781    191.717    91.6036     0.1142      7.591 1.0000e-12  0.000e+00
    101.288    11.2078    30.3954   3.460781    191.745    91.6036     0.1142      7.591 1.0000e-12  0.000e+00
    101.347    11.2074    30.3958   3.460799    191.614    91.6036     0.1142      7.591 1.0000e-12  0.000e+00
    101.325    11.2081    30.3956   3.460830    191.614    91.6036     0.1142      7.591 1.0000e-12  0.000e+00
    101.236    11.2081    30.3955   3.460818    191.616    91.6036     0.1069      7.596 1.0000e-12  0.000e+00
    101.266    11.2079    30.3960   3.460855    191.790    91.6036     0.1069      7.596 1.0000e-12  0.000e+00
    101.236    11.2084    30.3955   3.460849    191.659    91.6036     0.1069      7.596 1.0000e-12  0.000e+00
    101.185    11.2089    30.3948   3.460818    191.681    91.6036     0.1069      7.596 1.0000e-12  0.000e+00
    101.214    11.2084    30.3953   3.460830    191.710    91.6036     0.1069      7.596 1.0000e-12  0.000e+00
    101.126    11.2086    30.3951   3.460818    191.902    91.6036     0.1069      7.596 1.0000e-12  0.000e+00
    101.126    11.2086    30.3953   3.460830    191.931    91.6036     0.1142      7.591 1.0000e-12  0.000e+00
    101.163    11.2084    30.3957   3.460861    191.962    91.6036     0.1142      7.591 1.0000e-12  0.000e+00
    101.126    11.2089    30.3954   3.460873    191.974    91.5767     0.1142      7.591 1.0000e-12  0.000e+00
    101.052    11.2087    30.3953   3.460848    191.987    91.6036     0.1142      7.591 1.0000e-12  0.000e+00
    101.126    11.2092    30.3952   3.460886    192.001    91.5767     0.1069      7.591 1.0000e-12  0.000e+00
    101.023    11.2089    30.3955   3.460879    192.180    91.6036     0.1069      7.596 1.0000e-12  0.000e+00
    101.052    11.2089    30.3949   3.460824    192.044    91.6036     0.1069      7.596 1.0000e-12  0.000e+00
    101.023    11.2089    30.3953   3.460855    192.057    91.6036     0.1069      7.596 1.0000e-12  0.000e+00
    100.941    11.2089    30.3947   3.460799    191.902    91.5767     0.1142      7.596 1.0000e-12  0.000e+00
    101.023    11.2089    30.3952   3.460848    191.919    91.5767     0.1142      7.591 1.0000e-12  0.000e+00
    100.912    11.2087    30.3947   3.460780    192.084    91.5767     0.1142      7.591 1.0000e-12  0.000e+00
    100.941    11.2092    30.3933   3.460675    192.100    91.5767     0.1142      7.591 1.0000e-12  0.000e+00
    100.912    11.2086    30.3937   3.460657    192.117    91.6036     0.1142      7.591 1.0000e-12  0.000e+00
    100.890    11.2089    30.3938   3.460700    192.130    91.6036     0.1069      7.596 1.0000e-12  0.000e+00
    100.853    11.2078    30.3947   3.460694    192.149    91.6036     0.1069      7.596 1.0000e-12  0.000e+00
    100.853    11.2081    30.3939   3.460638    192.164    91.6036     0.1069      7.596 1.0000e-12  0.000e+00
    100.831    11.2078    30.3945   3.460669    192.196    91.5767     0.1142      7.596 1.0000e-12  0.000e+00
    100.801    11.2079    30.3941   3.460638    192.211    91.5767     0.1142      7.591 1.0000e-12  0.000e+00
    100.779    11.2078    30.3943   3.460644    192.227    91.5767     0.1142      7.591 1.0000e-12  0.000e+00
    100.750    11.2078    30.3932   3.460533    192.228    91.5767     0.1142      7.591 1.0000e-12  0.000e+00
    100.750    11.2074    30.3915   3.460335    192.231    91.6036     0.1142      7.591 1.0000e-12  0.000e+00
    100.728    11.2064    30.3913   3.460230    192.400    91.5767     0.1069      7.596 1.0000e-12  0.000e+00
    100.691    11.2063    30.3920   3.460286    192.412    91.6036     0.1069      7.596 1.0000e-12  0.000e+00
    100.669    11.2059    30.3914   3.460193    192.275    91.3618     0.1069      7.596 1.0000e-12  0.000e+00
    100.639    11.2054    30.3912   3.460131    192.289    91.2005     0.1069      7.596 1.0000e-12  0.000e+00
    100.639    11.2053    30.3917   3.460168    192.301    91.1737     0.1142      7.596 1.0000e-12  0.000e+00
    100.617    11.2056    30.3917   3.460187    192.295    91.1737     0.1142      7.591 1.0000e-12  0.000e+00
    100.587    11.2052    30.3919   3.460187    192.457    91.1737     0.1142      7.591 1.0000e-12  0.000e+00
    100.565    11.2052    30.3917   3.460162    192.483    91.2005     0.1142      7.591 1.0000e-12  0.000e+00
    100.528    11.2052    30.3917   3.460156    192.658    91.1737     0.1069      7.591 1.0000e-12  0.000e+00
    100.528    11.2049    30.3923   3.460199    192.665    91.2005     0.1069      7.591 1.0000e-12  0.000e+00
    100.506    11.2051    30.3919   3.460168    192.684    91.2005     0.0996      7.591 1.0000e-12  0.000e+00
    100.477    11.2052    30.3919   3.460174    192.701    91.2005     0.0996      7.596 1.0000e-12  0.000e+00
    100.455    11.2056    30.3919   3.460205    192.548    91.2005     0.0996      7.596 1.0000e-12  0.000e+00
    100.425    11.2052    30.3927   3.460261    192.564    91.2005     0.0996      7.596 1.0000e-12  0.000e+00
    100.425    11.2054    30.3929   3.460298    192.711    91.2005     0.0996      7.596 1.0000e-12  0.000e+00
    100.344    11.2056    30.3927   3.460286    192.705    91.1737     0.1069      7.596 1.0000e-12  0.000e+00
    100.425    11.2052    30.3915   3.460137    192.552    91.1737     0.1069      7.596 1.0000e-12  0.000e+00
    100.292    11.2051    30.3908   3.460045    192.543    91.1737     0.1069      7.591 1.0000e-12  0.000e+00
    100.315    11.2048    30.3887   3.459797    192.555    91.2005     0.0996      7.591 1.0000e-12  0.000e+00
    100.315    11.2034    30.3860   3.459414    192.737    91.2005     0.0996      7.596 1.0000e-12  0.000e+00
    100.292    11.2019    30.3858   3.459266    192.748    91.2005     0.0996      7.596 1.0000e-12  0.000e+00
    100.204    11.2008    30.3851   3.459086    192.588    91.2005     0.0996      7.596 1.0000e-12  0.000e+00
    100.233    11.1993    30.3851   3.458963    192.580    91.3349     0.1069      7.591 1.0000e-12  0.000e+00
    100.152    11.1985    30.3842   3.458796    192.584    91.4693     0.1069      7.591 1.0000e-12  0.000e+00
    100.093    11.1977    30.3833   3.458641    192.737    91.5230     0.1069      7.591 1.0000e-12  0.000e+00
    100.130    11.1963    30.3838   3.458580    192.740    91.5230     0.1069      7.591 1.0000e-12  0.000e+00
    100.093    11.1956    30.3841   3.458549    192.737    91.5230     0.0996      7.596 1.0000e-12  0.000e+00
    100.234    11.1951    30.3846   3.458561    192.752    91.5230     0.0996      7.596 1.0000e-12  0.000e+00
    100.152    11.1953    30.3848   3.458592    192.591    91.5230     0.0996      7.591 1.0000e-12  0.000e+00
    100.204    11.1946    30.3863   3.458697    192.419    91.5230     0.0996      7.596 1.0000e-12  0.000e+00
    100.130    11.1961    30.3895   3.459142    192.550    91.5230     0.0996      7.591 1.0000e-12  0.000e+00
    100.263    11.1975    30.3924   3.459562    192.701    91.4961     0.0996      7.596 1.0000e-12  0.000e+00
    100.234    11.1996    30.3929   3.459797    192.696    91.4961     0.1069      7.591 1.0000e-12  0.000e+00
    100.204    11.2006    30.3928   3.459865    192.712    91.4961     0.1069      7.591 1.0000e-12  0.000e+00
    100.234    11.2011    30.3909   3.459711    192.718    91.4961     0.1069      7.591 1.0000e-12  0.000e+00
    100.315    11.2014    30.3886   3.459513    192.724    91.5230     0.1216      7.591 1.0000e-12  0.000e+00
    100.263    11.2013    30.3881   3.459445    192.709    91.5230     0.1142      7.591 1.0000e-12  0.000e+00
    100.293    11.2006    30.3877   3.459346    192.530    91.5230     0.1142      7.591 1.0000e-12  0.000e+00
    100.315    11.2001    30.3876   3.459290    192.515    91.5230     0.1142      7.591 1.0000e-12  0.000e+00
    100.293    11.1999    30.3858   3.459093    192.500    91.4961     0.1142      7.596 1.0000e-12  0.000e+00
    100.315    11.1989    30.3815   3.458567    192.492    91.4961     0.1216      7.596 1.0000e-12  0.000e+00
    100.263    11.1976    30.3779   3.458085    192.481    91.4961     0.1216      7.591 1.0000e-12  0.000e+00
    100.234    11.1959    30.3755   3.457696    192.638    91.4693     0.1216      7.591 1.0000e-12  0.000e+00
    100.263    11.1938    30.3709   3.457047    192.648    91.3886     0.1216      7.591 1.0000e-12  0.000e+00
    100.234    11.1911    30.3668   3.456404    192.657    91.3886     0.1216      7.591 1.0000e-12  0.000e+00
    100.204    11.1875    30.3672   3.456126    192.663    91.3886     0.1142      7.591 1.0000e-12  0.000e+00
    100.263    11.1855    30.3685   3.456102    192.661    91.3886     0.1142      7.591 1.0000e-12  0.000e+00
    100.234    11.1833    30.3709   3.456163    192.655    91.3886     0.1142      7.591 1.0000e-12  0.000e+00
    100.263    11.1825    30.3718   3.456188    192.646    91.3886     0.1216      7.591 1.0000e-12  0.000e+00
    100.234    11.1815    30.3710   3.456015    192.486    91.3886     0.1216      7.596 1.0000e-12  0.000e+00
    100.315    11.1800    30.3662   3.455397    192.488    91.3886     0.1216      7.591 1.0000e-12  0.000e+00
    100.263    11.1775    30.3614   3.454699    192.641    91.3886     0.1216      7.591 1.0000e-12  0.000e+00
    100.344    11.1747    30.3587   3.454186    192.811    91.3886     0.1216      7.591 1.0000e-12  0.000e+00
    100.263    11.1727    30.3595   3.454094    192.648    91.4155     0.1142      7.596 1.0000e-12  0.000e+00
    100.293    11.1714    30.3601   3.454050    192.635    91.4155     0.1142      7.591 1.0000e-12  0.000e+00
    100.315    11.1700    30.3631   3.454242    192.634    91.4155     0.1142      7.591 1.0000e-12  0.000e+00
    100.315    11.1707    30.3686   3.454860    192.620    91.4155     0.1142      7.596 1.0000e-12  0.000e+00
    100.293    11.1715    30.3736   3.455447    192.621    91.3886     0.1142      7.591 1.0000e-12  0.000e+00
    100.263    11.1738    30.3756   3.455842    192.619    91.3886     0.1216      7.591 1.0000e-12  0.000e+00
    100.293    11.1749    30.3760   3.455972    192.627    91.3886     0.1216      7.591 1.0000e-12  0.000e+00
    100.263    11.1768    30.3747   3.456003    192.631    91.3886     0.1216      7.591 1.0000e-12  0.000e+00
    100.182    11.1768    30.3744   3.455972    192.625    91.3886     0.1216      7.591 1.0000e-12  0.000e+00
    100.367    11.1772    30.3732   3.455885    192.625    91.4155     0.1216      7.591 1.0000e-12  0.000e+00
    100.315    11.1777    30.3713   3.455725    192.634    91.4693     0.1142      7.591 1.0000e-12  0.000e+00
    100.234    11.1768    30.3699   3.455515    192.648    91.4961     0.1142      7.591 1.0000e-12  0.000e+00
    100.315    11.1768    30.3695   3.455471    192.478    91.4961     0.1142      7.591 1.0000e-12  0.000e+00
    100.293    11.1763    30.3710   3.455583    192.456    91.4961     0.1142      7.591 1.0000e-12  0.000e+00
    100.263    11.1760    30.3725   3.455712    192.434    91.4961     0.1216      7.596 1.0000e-12  0.000e+00
    100.315    11.1762    30.3733   3.455811    192.594    91.4693     0.1216      7.591 1.0000e-12  0.000e+00
    100.345    11.1772    30.3731   3.455873    192.602    91.4961     0.1216      7.591 1.0000e-12  0.000e+00
    100.263    11.1773    30.3738   3.455960    192.592    91.4961     0.1216      7.591 1.0000e-12  0.000e+00
    100.345    11.1780    30.3754   3.456176    192.583    91.4961     0.1142      7.596 1.0000e-12  0.000e+00
    100.315    11.1787    30.3759   3.456287    192.571    91.4961     0.1142      7.591 1.0000e-12  0.000e+00
    100.315    11.1793    30.3740   3.456151    192.579    91.4961     0.1142      7.591 1.0000e-12  0.000e+00
    100.345    11.1787    30.3733   3.456015    192.426    91.4961     0.1142      7.591 1.0000e-12  0.000e+00
    100.263    11.1783    30.3731   3.455966    192.419    91.4961     0.1142      7.591 1.0000e-12  0.000e+00
    100.345    11.1783    30.3723   3.455885    192.250    91.4961     0.1216      7.596 1.0000e-12  0.000e+00
    100.315    11.1773    30.3715   3.455725    192.218    91.4693     0.1216      7.591 1.0000e-12  0.000e+00
    100.263    11.1767    30.3713   3.455644    192.335    91.4961     0.1216      7.591 1.0000e-12  0.000e+00
    100.345    11.1763    30.3711   3.455595    192.318    91.4693     0.1216      7.591 1.0000e-12  0.000e+00
    100.315    11.1762    30.3700   3.455471    192.314    91.4961     0.1142      7.591 1.0000e-12  0.000e+00
    100.293    11.1757    30.3698   3.455410    192.312    91.4961     0.1142      7.591 1.0000e-12  0.000e+00
    100.367    11.1757    30.3758   3.456021    192.303    91.4961     0.1142      7.591 1.0000e-12  0.000e+00
    100.315    11.1775    30.3812   3.456726    192.284    91.4155     0.1142      7.591 1.0000e-12  0.000e+00
    100.345    11.1797    30.3821   3.457004    192.272    91.3886     0.1142      7.591 1.0000e-12  0.000e+00
    100.367    11.1805    30.3820   3.457066    192.268    91.3886     0.1142      7.591 1.0000e-12  0.000e+00
    100.293    11.1822    30.3776   3.456750    192.249    91.3618     0.1216      7.591 1.0000e-12  0.000e+00
    100.367    11.1817    30.3738   3.456324    192.241    91.3618     0.1216      7.591 1.0000e-12  0.000e+00
    100.367    11.1811    30.3743   3.456330    192.226    91.3618     0.1216      7.591 1.0000e-12  0.000e+00
    100.345    11.1815    30.3800   3.456948    192.199    91.3618     0.1216      7.591 1.0000e-12  0.000e+00
    100.315    11.1829    30.3828   3.457350    192.172    91.3618     0.1216      7.591 1.0000e-12  0.000e+00
    100.345    11.1838    30.3846   3.457609    192.165    91.3618     0.1216      7.591 1.0000e-12  0.000e+00
    100.367    11.1857    30.3852   3.457826    192.157    91.3618     0.1142      7.591 1.0000e-12  0.000e+00
    100.315    11.1870    30.3815   3.457560    192.156    91.3618     0.1142      7.591 1.0000e-12  0.000e+00
    100.345    11.1868    30.3742   3.456800    192.002    91.3618     0.1142      7.591 1.0000e-12  0.000e+00
    100.315    11.1853    30.3722   3.456466    191.831    91.3886     0.1142      7.591 1.0000e-12  0.000e+00
    100.396    11.1850    30.3712   3.456336    191.809    91.3618     0.1142      7.591 1.0000e-12  0.000e+00
    100.315    11.1842    30.3724   3.456386    191.951    91.3618     0.1216      7.591 1.0000e-12  0.000e+00
    100.345    11.1838    30.3755   3.456676    191.925    91.3618     0.1216      7.591 1.0000e-12  0.000e+00
