site/notebooks/data/aplsurp_cruises_cnvs_2024/20240718_CTD06_p29.cnv
* Sea-Bird SBE 9 Data File:
* FileName = C:\Data\RC0122ctd\20240718_CTD06_p29.hex
* Software Version Seasave V 7.26.7.107
* Temperature SN = 1121
* Conductivity SN = 2881
* Number of Bytes Per Scan = 31
* Number of Voltage Words = 4
* Number of Scans Averaged by the Deck Unit = 1
* NMEA Latitude = 47 43.27 N
* NMEA Longitude = 122 30.11 W
* NMEA UTC (Time) = Jul 18 2024  19:16:23
* NMEA baud rate = 4800
** Ship: R/V Rachel Carson
** Cruise ID: RC0122
** Tech: Jalickee
** Chief Scientist: Boyar
** Station: p29
** Cast:  06
# nquan = 10
# nvalues = 21325                                 
# units = specified
# name 0 = depSM: Depth [salt water, m]
# name 1 = t090C: Temperature [ITS-90, deg C]
# name 2 = sal00: Salinity, Practical [PSU]
# name 3 = c0S/m: Conductivity [S/m]
# name 4 = sbox0Mm/Kg: Oxygen, SBE 43 [umol/kg]
# name 5 = CStarTr0: Beam Transmission, WET Labs C-Star [%]
# name 6 = flECO-AFL: Fluorescence, WET Labs ECO-AFL/FL [mg/m^3]
# name 7 = ph: pH
# name 8 = par: PAR/Irradiance, Biospherical/Licor
# name 9 = flag:  0.000e+00
# span 0 =      0.566,    108.145                 
# span 1 =    11.3215,    15.6006                 
# span 2 =    29.5114,    30.4501                 
# span 3 =   3.448809,   3.738273                 
# span 4 =    189.620,    369.220                 
# span 5 =    65.3237,    91.6842                 
# span 6 =     0.1142,     8.2168                 
# span 7 =      7.548,      8.094                 
# span 8 = 1.0000e-12, 5.1717e+03                 
# span 9 = 0.0000e+00, 0.0000e+00                 
# interval = seconds: 0.0416667
# start_time = Jul 18 2024 19:16:23 [NMEA time, header]
# bad_flag = -9.990e-29
*END*
[from data line 3028]
      5.387    13.9423    29.7385   3.618607    287.870    80.6402     3.6527      7.888 1.0474e+02  0.000e+00
      5.372    13.9423    29.7441   3.619211    288.022    80.5059     3.6600      7.888 1.0474e+02  0.000e+00
      5.387    13.9425    29.7481   3.619670    288.036    80.4790     3.6600      7.883 1.0534e+02  0.000e+00
      5.372    13.9462    29.7486   3.620041    288.023    80.4790     3.6600      7.883 1.0564e+02  0.000e+00
      5.387    13.9501    29.7462   3.620104    288.016    80.4790     3.6600      7.888 1.0564e+02  0.000e+00
      5.372    13.9531    29.7427   3.619978    288.015    80.4790     3.6600      7.888 1.0594e+02  0.000e+00
      5.387    13.9540    29.7405   3.619815    288.179    80.4790     3.6600      7.888 1.0594e+02  0.000e+00
      5.372    13.9551    29.7397   3.619821    288.183    80.5059     3.6600      7.883 1.0594e+02  0.000e+00
      5.387    13.9553    29.7390   3.619764    288.192    80.4790     3.6600      7.883 1.0594e+02  0.000e+00
      5.372    13.9550    29.7395   3.619790    288.059    80.4790     3.6527      7.883 1.0564e+02  0.000e+00
      5.387    13.9542    29.7395   3.619714    288.073    80.4790     3.6600      7.888 1.0564e+02  0.000e+00
      5.424    13.9525    29.7411   3.619746    288.089    80.4790     3.6600      7.883 1.0534e+02  0.000e+00
      5.387    13.9548    29.7395   3.619771    288.058    80.4790     3.6600      7.883 1.0504e+02  0.000e+00
      5.372    13.9603    29.7373   3.619991    288.011    80.4790     3.6600      7.883 1.0504e+02  0.000e+00
      5.387    13.9643    29.7388   3.620501    287.977    80.4790     3.6600      7.887 1.0504e+02  0.000e+00
      5.372    13.9660    29.7375   3.620500    287.975    80.4790     3.6527      7.883 1.0445e+02  0.000e+00
      5.387    13.9646    29.7375   3.620381    288.142    80.4790     3.7699      7.883 1.0474e+02  0.000e+00
      5.424    13.9646    29.7388   3.620526    287.991    80.4790     3.9311      7.883 1.0474e+02  0.000e+00
      5.387    13.9674    29.7396   3.620847    287.963    80.4790     3.9677      7.883 1.0445e+02  0.000e+00
      5.372    13.9711    29.7398   3.621180    287.932    80.4790     3.9677      7.883 1.0445e+02  0.000e+00
      5.387    13.9736    29.7384   3.621237    287.756    80.3715     3.9604      7.883 1.0445e+02  0.000e+00
      5.372    13.9726    29.7328   3.620544    287.917    80.1297     3.9531      7.887 1.0415e+02  0.000e+00
      5.387    13.9682    29.7326   3.620148    287.934    80.0759     3.9531      7.883 1.0415e+02  0.000e+00
      5.372    13.9631    29.7363   3.620123    287.946    80.0759     3.9604      7.883 1.0415e+02  0.000e+00
      5.387    13.9557    29.7447   3.620419    287.962    80.0759     3.9604      7.883 1.0385e+02  0.000e+00
      5.423    13.9526    29.7516   3.620916    287.815    80.0759     3.9604      7.883 1.0356e+02  0.000e+00
      5.335    13.9580    29.7528   3.621495    287.921    80.0759     3.9531      7.883 1.0356e+02  0.000e+00
      5.423    13.9675    29.7503   3.622030    288.030    80.0759     3.9531      7.883 1.0327e+02  0.000e+00
      5.387    13.9776    29.7445   3.622256    287.841    80.0759     3.9604      7.883 1.0327e+02  0.000e+00
      5.372    13.9858    29.7372   3.622143    287.655    80.0759     3.9604      7.883 1.0327e+02  0.000e+00
      5.387    13.9882    29.7334   3.621922    287.639    80.0759     3.9604      7.883 1.0327e+02  0.000e+00
      5.372    13.9870    29.7318   3.621652    287.638    80.0759     3.9531      7.883 1.0327e+02  0.000e+00
      5.335    13.9829    29.7317   3.621293    287.805    80.0759     3.9531      7.883 1.0297e+02  0.000e+00
      5.423    13.9787    29.7305   3.620809    287.993    80.0759     3.9604      7.883 1.0297e+02  0.000e+00
      5.335    13.9753    29.7293   3.620387    288.027    80.0759     3.9604      7.883 1.0297e+02  0.000e+00
      5.372    13.9707    29.7351   3.620633    288.058    80.0759     3.9604      7.883 1.0297e+02  0.000e+00
      5.386    13.9720    29.7379   3.621048    288.060    80.0759     3.9531      7.883 1.0297e+02  0.000e+00
      5.372    13.9743    29.7360   3.621035    288.050    80.0759     3.9531      7.883 1.0268e+02  0.000e+00
      5.386    13.9736    29.7338   3.620733    288.212    80.1028     3.9604      7.883 1.0268e+02  0.000e+00
      5.372    13.9711    29.7353   3.620695    288.233    80.0759     3.9604      7.883 1.0268e+02  0.000e+00
      5.335    13.9702    29.7378   3.620884    288.101    79.9953     3.9604      7.883 1.0297e+02  0.000e+00
      5.372    13.9704    29.7390   3.621035    288.108    79.6191     3.9531      7.883 1.0297e+02  0.000e+00
      5.386    13.9717    29.7398   3.621237    288.107    79.4579     3.9677      7.883 1.0297e+02  0.000e+00
      5.372    13.9752    29.7347   3.620972    287.937    79.4579     4.0117      7.883 1.0297e+02  0.000e+00
      5.335    13.9746    29.7309   3.620507    287.929    79.4579     4.0336      7.883 1.0327e+02  0.000e+00
      5.372    13.9677    29.7341   3.620268    287.959    79.4579     4.0336      7.883 1.0327e+02  0.000e+00
      5.335    13.9648    29.7369   3.620324    287.963    79.4848     4.0263      7.883 1.0385e+02  0.000e+00
      5.372    13.9659    29.7383   3.620576    288.103    79.4848     4.0263      7.883 1.0385e+02  0.000e+00
      5.386    13.9675    29.7391   3.620803    288.099    79.4848     4.0263      7.878 1.0415e+02  0.000e+00
      5.313    13.9690    29.7397   3.620991    288.079    79.4579     4.0336      7.883 1.0474e+02  0.000e+00
      5.386    13.9697    29.7409   3.621180    288.080    79.4848     4.0336      7.883 1.0504e+02  0.000e+00
      5.372    13.9718    29.7406   3.621325    288.072    79.4848     4.0336      7.883 1.0504e+02  0.000e+00
      5.335    13.9736    29.7390   3.621306    288.220    79.4848     4.0263      7.883 1.0534e+02  0.000e+00
      5.372    13.9746    29.7374   3.621218    288.234    79.4848     4.0263      7.887 1.0534e+02  0.000e+00
      5.335    13.9750    29.7343   3.620903    288.404    79.4848     4.0263      7.883 1.0564e+02  0.000e+00
      5.372    13.9738    29.7343   3.620809    288.451    79.4579     4.0336      7.883 1.0594e+02  0.000e+00
      5.335    13.9726    29.7370   3.620998    288.335    79.4848     4.0263      7.883 1.0624e+02  0.000e+00
      5.313    13.9737    29.7370   3.621086    288.352    79.4848     4.0263      7.887 1.0624e+02  0.000e+00
      5.386    13.9745    29.7348   3.620922    288.364    79.5116     4.0263      7.883 1.0624e+02  0.000e+00
      5.313    13.9731    29.7283   3.620091    288.392    79.4848     4.0263      7.887 1.0654e+02  0.000e+00
      5.386    13.9662    29.7283   3.619500    288.598    79.5116     4.0336      7.883 1.0684e+02  0.000e+00
      5.312    13.9614    29.7332   3.619626    288.479    79.9147     4.0336      7.883 1.0684e+02  0.000e+00
      5.335    13.9602    29.7356   3.619802    288.487    80.2103     4.0263      7.888 1.0684e+02  0.000e+00
      5.371    13.9589    29.7368   3.619815    288.499    80.2103     4.0263      7.883 1.0684e+02  0.000e+00
      5.335    13.9591    29.7377   3.619928    288.499    80.1834     4.0263      7.883 1.0654e+02  0.000e+00
      5.371    13.9601    29.7395   3.620211    288.506    80.1565     4.0336      7.883 1.0624e+02  0.000e+00
      5.335    13.9621    29.7402   3.620463    288.647    80.1565     4.0336      7.883 1.0624e+02  0.000e+00
      5.371    13.9639    29.7415   3.620759    288.495    80.1565     4.0336      7.883 1.0624e+02  0.000e+00
      5.335    13.9670    29.7403   3.620884    288.477    80.1834     4.0190      7.883 1.0594e+02  0.000e+00
      5.371    13.9680    29.7401   3.620954    288.612    80.1834     3.8725      7.883 1.0564e+02  0.000e+00
      5.334    13.9701    29.7407   3.621186    288.606    80.1834     3.7772      7.883 1.0564e+02  0.000e+00
      5.371    13.9718    29.7410   3.621375    288.604    80.1565     3.7699      7.883 1.0504e+02  0.000e+00
      5.334    13.9739    29.7398   3.621419    288.598    80.1565     3.7699      7.887 1.0474e+02  0.000e+00
      5.371    13.9754    29.7375   3.621300    288.599    80.1834     3.7699      7.887 1.0474e+02  0.000e+00
      5.334    13.9776    29.7368   3.621394    288.577    80.1834     3.7772      7.883 1.0415e+02  0.000e+00
      5.371    13.9778    29.7368   3.621419    288.577    80.1565     3.7846      7.883 1.0385e+02  0.000e+00
      5.334    13.9792    29.7364   3.621495    288.734    80.1565     3.7772      7.883 1.0385e+02  0.000e+00
      5.371    13.9801    29.7364   3.621564    288.586    80.1565     3.7772      7.887 1.0385e+02  0.000e+00
      5.386    13.9804    29.7367   3.621627    288.414    80.1834     3.7699      7.887 1.0385e+02  0.000e+00
      5.312    13.9800    29.7378   3.621721    288.533    80.1834     3.7699      7.887 1.0415e+02  0.000e+00
      5.386    13.9806    29.7376   3.621746    288.512    80.1834     3.7772      7.883 1.0385e+02  0.000e+00
      5.371    13.9809    29.7363   3.621620    288.502    80.2909     3.7699      7.883 1.0415e+02  0.000e+00
      5.386    13.9810    29.7355   3.621558    288.505    80.3715     3.7772      7.883 1.0415e+02  0.000e+00
      5.371    13.9809    29.7369   3.621696    288.349    80.3984     3.7772      7.887 1.0415e+02  0.000e+00
      5.334    13.9824    29.7394   3.622092    288.475    80.3984     3.7699      7.887 1.0385e+02  0.000e+00
      5.371    13.9853    29.7410   3.622514    288.609    80.3984     3.7772      7.887 1.0385e+02  0.000e+00
      5.386    13.9878    29.7333   3.621885    288.620    80.3984     3.7772      7.883 1.0385e+02  0.000e+00
      5.371    13.9831    29.7264   3.620727    288.683    80.3984     3.7772      7.883 1.0385e+02  0.000e+00
      5.386    13.9763    29.7264   3.620154    288.590    80.3984     3.7772      7.883 1.0415e+02  0.000e+00
      5.371    13.9715    29.7271   3.619821    288.764    80.3984     3.7772      7.887 1.0415e+02  0.000e+00
      5.386    13.9687    29.7259   3.619456    288.789    80.3984     3.7699      7.887 1.0415e+02  0.000e+00
      5.371    13.9648    29.7245   3.618972    288.818    80.3984     3.7772      7.887 1.0385e+02  0.000e+00
      5.386    13.9608    29.7275   3.618959    288.825    80.3984     3.7772      7.888 1.0385e+02  0.000e+00
      5.371    13.9587    29.7324   3.619318    288.814    80.3715     3.7772      7.883 1.0385e+02  0.000e+00
      5.386    13.9586    29.7321   3.619274    288.801    80.3984     3.7772      7.883 1.0385e+02  0.000e+00
      5.275    13.9533    29.7347   3.619110    288.652    80.3984     3.7772      7.888 1.0385e+02  0.000e+00
      5.482    13.9513    29.7396   3.619481    288.797    80.3984     3.7699      7.888 1.0385e+02  0.000e+00
      5.386    13.9518    29.7460   3.620224    288.924    80.3984     3.7772      7.888 1.0385e+02  0.000e+00
      5.423    13.9547    29.7480   3.620689    288.907    80.3984     3.7772      7.883 1.0385e+02  0.000e+00
      5.386    13.9590    29.7455   3.620777    288.733    80.3984     3.7772      7.883 1.0415e+02  0.000e+00
      5.371    13.9631    29.7448   3.621054    288.696    80.3984     3.7699      7.888 1.0415e+02  0.000e+00
      5.386    13.9667    29.7445   3.621325    288.675    80.4790     3.7699      7.887 1.0415e+02  0.000e+00
      5.371    13.9682    29.7399   3.620947    288.826    80.6133     3.7772      7.887 1.0415e+02  0.000e+00
      5.386    13.9668    29.7348   3.620274    288.712    80.6133     3.7772      7.883 1.0415e+02  0.000e+00
      5.422    13.9634    29.7338   3.619878    288.744    80.6133     3.7772      7.883 1.0415e+02  0.000e+00
      5.386    13.9614    29.7303   3.619324    288.756    80.6133     3.7772      7.883 1.0445e+02  0.000e+00
      5.371    13.9577    29.7298   3.618946    288.926    80.6402     3.7699      7.888 1.0474e+02  0.000e+00
      5.386    13.9548    29.7346   3.619236    288.939    80.6133     3.7772      7.888 1.0445e+02  0.000e+00
      5.371    13.9531    29.7403   3.619720    288.940    80.6133     3.7772      7.883 1.0474e+02  0.000e+00
      5.386    13.9545    29.7435   3.620180    288.941    80.6133     3.7772      7.883 1.0504e+02  0.000e+00
      5.422    13.9569    29.7442   3.620463    289.081    80.6133     3.7772      7.883 1.0534e+02  0.000e+00
      5.386    13.9599    29.7455   3.620859    288.916    80.6133     3.7772      7.888 1.0534e+02  0.000e+00
      5.371    13.9623    29.7471   3.621237    289.049    80.6133     3.7699      7.888 1.0594e+02  0.000e+00
      5.386    13.9643    29.7446   3.621130    289.050    80.6133     3.7772      7.887 1.0594e+02  0.000e+00
      5.371    13.9647    29.7408   3.620752    289.060    80.6133     3.7772      7.883 1.0594e+02  0.000e+00
      5.386    13.9651    29.7367   3.620343    289.082    80.6133     3.7846      7.883 1.0654e+02  0.000e+00
      5.371    13.9655    29.7368   3.620381    288.927    80.6133     3.7772      7.883 1.0684e+02  0.000e+00
      5.385    13.9663    29.7376   3.620538    288.909    80.6402     3.7772      7.887 1.0684e+02  0.000e+00
      5.371    13.9672    29.7393   3.620796    288.899    80.6133     3.7772      7.887 1.0654e+02  0.000e+00
      5.385    13.9683    29.7407   3.621042    289.195    80.6402     3.7772      7.887 1.0684e+02  0.000e+00
      5.371    13.9704    29.7407   3.621218    289.203    80.6402     3.7772      7.883 1.0684e+02  0.000e+00
      5.385    13.9714    29.7422   3.621476    289.214    80.5865     3.7699      7.883 1.0684e+02  0.000e+00
      5.371    13.9740    29.7418   3.621646    289.061    80.5059     3.7553      7.883 1.0654e+02  0.000e+00
      5.334    13.9761    29.7397   3.621602    289.054    80.4790     3.7479      7.887 1.0654e+02  0.000e+00
      5.371    13.9783    29.7379   3.621583    289.201    80.4790     3.7553      7.887 1.0624e+02  0.000e+00
      5.385    13.9789    29.7381   3.621652    289.376    80.4790     3.7553      7.887 1.0594e+02  0.000e+00
      5.371    13.9810    29.7371   3.621734    289.233    80.4790     3.7553      7.883 1.0594e+02  0.000e+00
      5.334    13.9819    29.7366   3.621746    289.222    80.4790     3.7553      7.883 1.0594e+02  0.000e+00
      5.371    13.9831    29.7352   3.621690    289.070    80.4790     3.7553      7.887 1.0564e+02  0.000e+00
      5.385    13.9814    29.7348   3.621507    289.072    80.4790     3.7553      7.887 1.0564e+02  0.000e+00
      5.371    13.9787    29.7371   3.621526    289.072    80.4790     3.7553      7.887 1.0534e+02  0.000e+00
      5.334    13.9762    29.7401   3.621646    289.220    80.4790     3.7553      7.883 1.0504e+02  0.000e+00
      5.371    13.9763    29.7453   3.622231    289.195    80.4790     3.7553      7.883 1.0474e+02  0.000e+00
      5.334    13.9822    29.7511   3.623364    289.143    80.4790     3.7553      7.883 1.0504e+02  0.000e+00
      5.371    13.9944    29.7501   3.624283    289.080    80.4790     3.7553      7.887 1.0445e+02  0.000e+00
      5.334    14.0059    29.7397   3.624119    289.037    80.4790     3.7553      7.887 1.0445e+02  0.000e+00
      5.371    14.0101    29.7318   3.623609    289.186    80.4790     3.7553      7.887 1.0445e+02  0.000e+00
      5.334    14.0113    29.7320   3.623729    289.024    80.5059     3.7553      7.883 1.0415e+02  0.000e+00
      5.370    14.0163    29.7326   3.624219    288.993    80.4790     3.7553      7.887 1.0415e+02  0.000e+00
      5.334    14.0228    29.7301   3.624503    288.956    80.4790     3.7553      7.883 1.0445e+02  0.000e+00
      5.370    14.0283    29.7234   3.624232    288.934    80.5059     3.7553      7.887 1.0415e+02  0.000e+00
      5.334    14.0282    29.7163   3.623432    288.943    80.4521     3.7553      7.887 1.0385e+02  0.000e+00
      5.370    14.0215    29.7140   3.622614    288.981    80.2371     3.7553      7.887 1.0385e+02  0.000e+00
