site/notebooks/data/aplsurp_cruises_cnvs_2024/20240717_CTD04_p29.cnv
* Sea-Bird SBE 9 Data File:
* FileName = C:\Data\RC0122ctd\20240716_CTD04_p29.hex
* Software Version Seasave V 7.26.7.107
* Temperature SN = 1121
* Conductivity SN = 2881
* Number of Bytes Per Scan = 31
* Number of Voltage Words = 4
* Number of Scans Averaged by the Deck Unit = 1
* NMEA Latitude = 47 33.63 N
* NMEA Longitude = 122 28.58 W
* NMEA UTC (Time) = Jul 17 2024  18:21:37
* NMEA baud rate = 4800
** Ship: R/V Rachel Carson
** Cruise ID: RC0121
** Tech: Jalickee
** Chief Scientist: Boyar
** Station: p29
** Cast:  04
# nquan = 10
# nvalues = 27286                                 
# units = specified
# name 0 = depSM: Depth [salt water, m]
# name 1 = t090C: Temperature [ITS-90, deg C]
# name 2 = sal00: Salinity, Practical [PSU]
# name 3 = c0S/m: Conductivity [S/m]
# name 4 = sbox0Mm/Kg: Oxygen, SBE 43 [umol/kg]
# name 5 = CStarTr0: Beam Transmission, WET Labs C-Star [%]
# name 6 = flECO-AFL: Fluorescence, WET Labs ECO-AFL/FL [mg/m^3]
# name 7 = ph: pH
# name 8 = par: PAR/Irradiance, Biospherical/Licor
# name 9 = flag:  0.000e+00
# span 0 =      0.470,    181.998                 
# span 1 =    11.1136,    16.8884                 
# span 2 =    29.1266,    31.1488                 
# span 3 =   3.438858,   3.812085                 
# span 4 =    188.704,    423.387                 
# span 5 =    68.6288,    92.4366                 
# span 6 =     0.1069,     6.4732                 
# span 7 =      7.577,      8.337                 
# span 8 = 1.0000e-12, 2.5966e+03                 
# span 9 = 0.0000e+00, 0.0000e+00                 
# interval = seconds: 0.0416667
# start_time = Jul 17 2024 18:21:37 [NMEA time, header]
# bad_flag = -9.990e-29
*END*
[from data line 25082]
     30.882    11.6812    30.0189   3.458910    217.367    87.8148     1.0886      7.657 1.0000e-12  0.000e+00
     30.882    11.6808    30.0184   3.458823    217.341    87.8148     1.0886      7.657 1.0000e-12  0.000e+00
     30.830    11.6799    30.0189   3.458811    217.150    87.8148     1.0886      7.657 1.0000e-12  0.000e+00
     30.882    11.6800    30.0190   3.458823    217.107    87.8148     1.0813      7.662 1.0000e-12  0.000e+00
     30.830    11.6793    30.0196   3.458823    217.212    87.8685     1.0886      7.657 1.0000e-12  0.000e+00
     30.830    11.6793    30.0196   3.458823    217.018    88.2447     1.0886      7.657 1.0000e-12  0.000e+00
     30.882    11.6791    30.0201   3.458860    216.989    88.4328     1.0813      7.662 1.0000e-12  0.000e+00
     30.830    11.6791    30.0203   3.458879    216.943    88.4597     1.0886      7.657 1.0000e-12  0.000e+00
     30.882    11.6791    30.0198   3.458835    216.737    88.4328     1.0886      7.657 1.0000e-12  0.000e+00
     30.831    11.6788    30.0200   3.458823    216.856    88.4328     1.0813      7.662 1.0000e-12  0.000e+00
     30.882    11.6790    30.0200   3.458842    216.976    88.4328     1.0886      7.657 1.0000e-12  0.000e+00
     30.831    11.6788    30.0205   3.458872    216.635    88.4328     1.0886      7.657 1.0000e-12  0.000e+00
     30.882    11.6793    30.0203   3.458903    216.755    88.4328     1.0813      7.662 1.0000e-12  0.000e+00
     30.831    11.6794    30.0201   3.458885    216.874    88.4060     1.0886      7.657 1.0000e-12  0.000e+00
     30.882    11.6794    30.0205   3.458928    216.862    88.4328     1.0886      7.657 1.0000e-12  0.000e+00
     30.831    11.6803    30.0197   3.458922    216.845    88.4328     1.0813      7.662 1.0000e-12  0.000e+00
     30.882    11.6803    30.0201   3.458959    216.833    88.4328     1.0886      7.657 1.0000e-12  0.000e+00
     30.831    11.6808    30.0200   3.458996    216.505    88.4328     1.0886      7.657 1.0000e-12  0.000e+00
     30.882    11.6816    30.0199   3.459052    216.641    88.4328     1.0886      7.662 1.0000e-12  0.000e+00
     30.882    11.6818    30.0199   3.459070    216.616    88.4328     1.0959      7.657 1.0000e-12  0.000e+00
     30.853    11.6824    30.0194   3.459070    216.441    88.4328     1.1106      7.662 1.0000e-12  0.000e+00
     30.882    11.6824    30.0191   3.459045    216.599    88.4328     1.1106      7.662 1.0000e-12  0.000e+00
     30.831    11.6828    30.0190   3.459058    216.591    88.4328     1.1179      7.657 1.0000e-12  0.000e+00
     30.882    11.6833    30.0191   3.459113    216.424    88.4597     1.1106      7.662 1.0000e-12  0.000e+00
     30.882    11.6840    30.0192   3.459175    216.745    88.4328     1.1106      7.662 1.0000e-12  0.000e+00
     30.882    11.6848    30.0187   3.459194    216.593    88.2716     1.1179      7.657 1.0000e-12  0.000e+00
     30.882    11.6851    30.0184   3.459194    216.429    88.1910     1.1106      7.657 1.0000e-12  0.000e+00
     30.882    11.6856    30.0180   3.459194    216.594    88.1910     1.1106      7.657 1.0000e-12  0.000e+00
     30.882    11.6860    30.0175   3.459169    216.597    88.1641     1.1179      7.657 1.0000e-12  0.000e+00
     30.882    11.6864    30.0170   3.459163    216.438    88.1910     1.1106      7.662 1.0000e-12  0.000e+00
     30.882    11.6861    30.0175   3.459181    216.595    88.1910     1.1179      7.657 1.0000e-12  0.000e+00
     30.941    11.6863    30.0172   3.459169    216.426    88.1910     1.1179      7.657 1.0000e-12  0.000e+00
     30.882    11.6864    30.0172   3.459181    216.582    88.1910     1.1106      7.662 1.0000e-12  0.000e+00
     30.882    11.6866    30.0174   3.459212    216.770    88.1641     1.1179      7.657 1.0000e-12  0.000e+00
     30.882    11.6871    30.0175   3.459268    216.647    88.1910     1.1179      7.662 1.0000e-12  0.000e+00
     30.941    11.6875    30.0171   3.459262    216.677    88.1910     1.1106      7.662 1.0000e-12  0.000e+00
     30.882    11.6876    30.0168   3.459231    216.676    88.1641     1.1179      7.657 1.0000e-12  0.000e+00
     30.882    11.6871    30.0166   3.459175    216.680    88.1910     1.1106      7.662 1.0000e-12  0.000e+00
     30.941    11.6868    30.0168   3.459163    216.863    88.1910     1.1106      7.662 1.0000e-12  0.000e+00
     30.883    11.6866    30.0171   3.459181    216.568    88.1910     1.1179      7.657 1.0000e-12  0.000e+00
     30.941    11.6866    30.0178   3.459262    216.573    88.1910     1.1106      7.662 1.0000e-12  0.000e+00
     30.883    11.6866    30.0181   3.459287    216.593    88.1910     1.1179      7.657 1.0000e-12  0.000e+00
     30.905    11.6871    30.0174   3.459262    216.602    88.1910     1.1179      7.662 1.0000e-12  0.000e+00
     30.942    11.6885    30.0165   3.459274    216.609    88.1910     1.1106      7.662 1.0000e-12  0.000e+00
     30.883    11.6898    30.0160   3.459330    216.941    88.1910     1.1179      7.657 1.0000e-12  0.000e+00
     30.942    11.6901    30.0162   3.459392    216.805    88.1641     1.1032      7.657 1.0000e-12  0.000e+00
     30.883    11.6903    30.0163   3.459410    216.816    88.1372     0.9787      7.662 1.0000e-12  0.000e+00
     30.942    11.6901    30.0160   3.459361    216.849    88.1372     0.9201      7.662 1.0000e-12  0.000e+00
     30.883    11.6901    30.0163   3.459392    216.862    88.1104     0.9201      7.657 1.0000e-12  0.000e+00
     30.942    11.6898    30.0160   3.459336    216.882    88.1372     0.9201      7.657 1.0000e-12  0.000e+00
     30.883    11.6895    30.0163   3.459336    216.898    88.1372     0.9201      7.662 1.0000e-12  0.000e+00
     30.942    11.6900    30.0164   3.459392    217.062    88.1104     0.9274      7.657 1.0000e-12  0.000e+00
     30.883    11.6899    30.0159   3.459336    217.077    88.1372     0.9201      7.662 1.0000e-12  0.000e+00
     30.883    11.6896    30.0157   3.459293    217.109    88.1372     0.9201      7.662 1.0000e-12  0.000e+00
     30.942    11.6891    30.0162   3.459305    217.128    88.1104     0.9274      7.657 1.0000e-12  0.000e+00
     30.883    11.6886    30.0163   3.459268    216.980    88.1372     0.9201      7.662 1.0000e-12  0.000e+00
     30.942    11.6890    30.0159   3.459256    217.144    88.1372     0.9274      7.657 1.0000e-12  0.000e+00
     30.883    11.6893    30.0165   3.459348    216.975    88.1104     0.9274      7.657 1.0000e-12  0.000e+00
     30.942    11.6888    30.0167   3.459330    216.978    88.1372     0.9201      7.662 1.0000e-12  0.000e+00
     30.883    11.6890    30.0167   3.459336    216.989    88.1104     0.9274      7.657 1.0000e-12  0.000e+00
     30.883    11.6888    30.0164   3.459299    216.975    88.1104     0.9274      7.662 1.0000e-12  0.000e+00
     30.942    11.6876    30.0164   3.459194    217.144    88.1372     0.9201      7.662 1.0000e-12  0.000e+00
     30.883    11.6870    30.0170   3.459206    217.172    88.1104     0.9274      7.657 1.0000e-12  0.000e+00
     30.905    11.6864    30.0172   3.459175    217.040    88.1372     0.9201      7.662 1.0000e-12  0.000e+00
     30.883    11.6861    30.0173   3.459163    217.218    88.1372     0.9201      7.662 1.0000e-12  0.000e+00
     30.942    11.6854    30.0171   3.459089    217.252    88.1641     0.9274      7.657 1.0000e-12  0.000e+00
     30.883    11.6848    30.0172   3.459045    217.088    88.2447     0.9201      7.662 1.0000e-12  0.000e+00
     30.883    11.6833    30.0182   3.459015    217.419    88.2716     0.9201      7.662 1.0000e-12  0.000e+00
     30.942    11.6826    30.0181   3.458959    217.450    88.2716     0.9274      7.657 1.0000e-12  0.000e+00
     30.883    11.6823    30.0185   3.458965    217.296    88.2716     0.9201      7.662 1.0000e-12  0.000e+00
     30.883    11.6817    30.0193   3.458996    217.144    88.2716     0.9274      7.657 1.0000e-12  0.000e+00
     30.883    11.6819    30.0198   3.459076    217.136    88.2716     0.9274      7.662 1.0000e-12  0.000e+00
     30.883    11.6828    30.0201   3.459169    217.274    88.2716     0.8981      7.662 1.0000e-12  0.000e+00
     30.883    11.6840    30.0198   3.459237    217.455    88.2716     0.8835      7.657 1.0000e-12  0.000e+00
     30.942    11.6851    30.0194   3.459299    217.311    88.2985     0.8761      7.662 1.0000e-12  0.000e+00
     30.831    11.6858    30.0184   3.459243    217.298    88.2716     0.8761      7.657 1.0000e-12  0.000e+00
     30.942    11.6858    30.0179   3.459200    217.307    88.2447     0.8835      7.657 1.0000e-12  0.000e+00
     30.883    11.6858    30.0174   3.459144    217.148    88.2716     0.8761      7.657 1.0000e-12  0.000e+00
     30.883    11.6856    30.0181   3.459200    217.123    88.2716     0.8761      7.657 1.0000e-12  0.000e+00
     30.883    11.6853    30.0186   3.459225    217.276    88.2716     0.8835      7.657 1.0000e-12  0.000e+00
     30.883    11.6861    30.0186   3.459293    217.097    88.2716     0.8761      7.662 1.0000e-12  0.000e+00
     30.883    11.6868    30.0193   3.459429    217.081    88.2716     0.8835      7.657 1.0000e-12  0.000e+00
     30.883    11.6878    30.0194   3.459515    216.917    88.2716     0.8835      7.657 1.0000e-12  0.000e+00
     30.883    11.6895    30.0182   3.459534    216.886    88.2716     0.8761      7.662 1.0000e-12  0.000e+00
     30.883    11.6901    30.0174   3.459509    217.023    88.2716     0.8835      7.657 1.0000e-12  0.000e+00
     30.905    11.6909    30.0169   3.459521    216.848    88.2985     0.8761      7.657 1.0000e-12  0.000e+00
     30.883    11.6910    30.0170   3.459534    217.149    88.4597     0.8761      7.662 1.0000e-12  0.000e+00
     30.883    11.6908    30.0176   3.459583    216.843    88.4866     0.8835      7.657 1.0000e-12  0.000e+00
     30.883    11.6915    30.0181   3.459694    216.963    88.5134     0.8761      7.662 1.0000e-12  0.000e+00
     30.883    11.6924    30.0180   3.459769    216.934    88.5134     0.8835      7.657 1.0000e-12  0.000e+00
     30.942    11.6926    30.0173   3.459713    216.911    88.4866     0.8835      7.662 1.0000e-12  0.000e+00
     30.883    11.6925    30.0179   3.459762    216.883    88.5134     0.8761      7.662 1.0000e-12  0.000e+00
     30.883    11.6935    30.0176   3.459806    217.016    88.4866     0.8835      7.657 1.0000e-12  0.000e+00
     30.883    11.6943    30.0172   3.459837    216.704    88.4866     0.8835      7.662 1.0000e-12  0.000e+00
     30.883    11.6951    30.0164   3.459824    216.839    88.5134     0.8761      7.662 1.0000e-12  0.000e+00
     30.883    11.6950    30.0166   3.459837    216.828    88.4866     0.8835      7.657 1.0000e-12  0.000e+00
     30.883    11.6960    30.0160   3.459849    216.814    88.5134     0.8761      7.662 1.0000e-12  0.000e+00
     30.942    11.6966    30.0152   3.459824    216.966    88.4866     0.8835      7.657 1.0000e-12  0.000e+00
     30.883    11.6965    30.0150   3.459793    216.968    88.4866     0.8761      7.657 1.0000e-12  0.000e+00
     30.883    11.6963    30.0140   3.459670    216.810    88.5134     0.8615      7.662 1.0000e-12  0.000e+00
     30.883    11.6956    30.0143   3.459651    216.815    88.4866     0.8615      7.657 1.0000e-12  0.000e+00
     30.942    11.6953    30.0151   3.459707    216.821    88.4866     0.8615      7.662 1.0000e-12  0.000e+00
     30.883    11.6968    30.0150   3.459818    216.980    88.5134     0.8542      7.662 1.0000e-12  0.000e+00
     30.883    11.6978    30.0151   3.459917    217.157    88.4866     0.8615      7.657 1.0000e-12  0.000e+00
     30.942    11.6988    30.0143   3.459917    216.847    88.5134     0.8542      7.662 1.0000e-12  0.000e+00
     30.883    11.6993    30.0143   3.459954    216.847    88.4866     0.8542      7.657 1.0000e-12  0.000e+00
     30.942    11.6998    30.0144   3.460016    216.672    88.3791     0.8615      7.657 1.0000e-12  0.000e+00
     30.905    11.7001    30.0139   3.459985    216.808    88.3253     0.8542      7.662 1.0000e-12  0.000e+00
     30.942    11.7001    30.0133   3.459923    216.799    88.3253     0.8542      7.657 1.0000e-12  0.000e+00
     30.883    11.6995    30.0137   3.459911    216.790    88.2985     0.8615      7.657 1.0000e-12  0.000e+00
     30.942    11.7000    30.0135   3.459929    216.957    88.3253     0.8542      7.662 1.0000e-12  0.000e+00
     30.942    11.6995    30.0138   3.459917    217.142    88.2985     0.8615      7.657 1.0000e-12  0.000e+00
     30.942    11.6996    30.0129   3.459837    216.998    88.2985     0.8615      7.662 1.0000e-12  0.000e+00
     30.942    11.6986    30.0137   3.459837    217.183    88.3253     0.8542      7.662 1.0000e-12  0.000e+00
     30.942    11.6990    30.0133   3.459824    217.214    88.2985     0.8615      7.657 1.0000e-12  0.000e+00
     30.942    11.6981    30.0137   3.459793    217.071    88.3253     0.8542      7.662 1.0000e-12  0.000e+00
     30.883    11.6981    30.0131   3.459738    217.265    88.3253     0.8542      7.657 1.0000e-12  0.000e+00
     30.994    11.6973    30.0132   3.459676    217.319    88.2985     0.8615      7.657 1.0000e-12  0.000e+00
     30.884    11.6965    30.0135   3.459639    217.187    88.3253     0.8542      7.662 1.0000e-12  0.000e+00
     30.994    11.6958    30.0140   3.459633    217.357    88.3253     0.8542      7.662 1.0000e-12  0.000e+00
     30.943    11.6953    30.0142   3.459608    217.209    88.2985     0.8615      7.657 1.0000e-12  0.000e+00
     30.943    11.6948    30.0145   3.459602    217.226    88.3253     0.8542      7.662 1.0000e-12  0.000e+00
     30.943    11.6946    30.0146   3.459602    217.419    88.3253     0.8615      7.657 1.0000e-12  0.000e+00
     30.943    11.6948    30.0152   3.459670    217.447    88.3253     0.8615      7.662 1.0000e-12  0.000e+00
     30.994    11.6940    30.0156   3.459645    217.644    88.3253     0.8688      7.662 1.0000e-12  0.000e+00
     30.943    11.6936    30.0155   3.459608    217.686    88.2985     0.9787      7.657 1.0000e-12  0.000e+00
     30.994    11.6936    30.0152   3.459577    217.714    88.3791     1.0153      7.662 1.0000e-12  0.000e+00
     30.943    11.6931    30.0156   3.459571    217.738    88.4328     1.0153      7.662 1.0000e-12  0.000e+00
     30.884    11.6933    30.0161   3.459639    217.609    88.4060     1.0153      7.657 1.0000e-12  0.000e+00
     31.016    11.6933    30.0163   3.459664    217.620    88.4328     1.0153      7.662 1.0000e-12  0.000e+00
     30.994    11.6940    30.0158   3.459664    217.622    88.4060     1.0153      7.657 1.0000e-12  0.000e+00
     30.943    11.6945    30.0155   3.459682    217.608    88.4060     1.0153      7.657 1.0000e-12  0.000e+00
     30.994    11.6948    30.0158   3.459738    217.920    88.4328     1.0153      7.662 1.0000e-12  0.000e+00
     30.943    11.6956    30.0153   3.459756    217.945    88.4060     1.0153      7.657 1.0000e-12  0.000e+00
     30.943    11.6956    30.0157   3.459800    217.792    88.4328     1.0153      7.662 1.0000e-12  0.000e+00
     30.994    11.6964    30.0154   3.459837    217.978    88.4328     1.0153      7.657 1.0000e-12  0.000e+00
     30.943    11.6966    30.0149   3.459799    217.983    88.4060     1.0153      7.657 1.0000e-12  0.000e+00
     30.943    11.6963    30.0146   3.459738    218.004    88.4328     1.0153      7.662 1.0000e-12  0.000e+00
     30.994    11.6966    30.0146   3.459769    218.020    88.4060     1.0153      7.657 1.0000e-12  0.000e+00
     30.943    11.6966    30.0146   3.459762    218.033    88.4060     1.0153      7.662 1.0000e-12  0.000e+00
     30.943    11.6964    30.0148   3.459775    218.208    88.4328     1.0153      7.662 1.0000e-12  0.000e+00
     30.884    11.6969    30.0141   3.459738    218.244    88.4060     1.0153      7.657 1.0000e-12  0.000e+00
     31.053    11.6964    30.0145   3.459744    218.093    88.4060     1.0080      7.662 1.0000e-12  0.000e+00
