site/notebooks/data/aplsurp_cruises_cnvs_2024/20240716_CTD02_p29.cnv
* Sea-Bird SBE 9 Data File:
* FileName = C:\Data\RC0122ctd\20240716_CTD02_p29.hex
* Software Version Seasave V 7.26.7.107
* Temperature SN = 1121
* Conductivity SN = 2881
* Number of Bytes Per Scan = 31
* Number of Voltage Words = 4
* Number of Scans Averaged by the Deck Unit = 1
* NMEA Latitude = 47 33.42 N
* NMEA Longitude = 122 28.60 W
* NMEA UTC (Time) = Jul 16 2024  18:32:46
* NMEA baud rate = 4800
** Ship: R/V Rachel Carson
** Cruise ID: RC0121
** Tech: Jalickee
** Chief Scientist: Boyar
** Station: p29
** Cast:  02
# nquan = 10
# nvalues = 16565                                 
# units = specified
# name 0 = depSM: Depth [salt water, m]
# name 1 = t090C: Temperature [ITS-90, deg C]
# name 2 = sal00: Salinity, Practical [PSU]
# name 3 = c0S/m: Conductivity [S/m]
# name 4 = sbox0Mm/Kg: Oxygen, SBE 43 [umol/kg]
# name 5 = CStarTr0: Beam Transmission, WET Labs C-Star [%]
# name 6 = flECO-AFL: Fluorescence, WET Labs ECO-AFL/FL [mg/m^3]
# name 7 = ph: pH
# name 8 = par: PAR/Irradiance, Biospherical/Licor
# name 9 = flag:  0.000e+00
# span 0 =      0.729,    115.988                 
# span 1 =    11.0925,    16.3236                 
# span 2 =    29.2642,    30.5157                 
# span 3 =   3.431759,   3.769323                 
# span 4 =    188.711,    429.783                 
# span 5 =    64.9744,    92.5441                 
# span 6 =     0.1069,     6.0190                 
# span 7 =      7.596,      8.335                 
# span 8 = 1.0000e-12, 4.0722e+03                 
# span 9 = 0.0000e+00, 0.0000e+00                 
# interval = seconds: 0.0416667
# start_time = Jul 16 2024 18:32:46 [NMEA time, header]
# bad_flag = -9.990e-29
*END*
[from data line 3028]
     20.794    12.2949    29.8780   3.495281    262.576    88.8090     2.0630      7.859 6.6485e-01  0.000e+00
     20.846    12.2902    29.8783   3.494928    262.516    88.8359     2.0630      7.859 6.5607e-01  0.000e+00
     20.794    12.2877    29.8809   3.494984    262.592    88.8090     2.0336      7.859 6.5170e-01  0.000e+00
     20.846    12.2855    29.8823   3.494953    262.519    88.8090     1.9384      7.859 6.4734e-01  0.000e+00
     20.846    12.2833    29.8818   3.494717    262.442    88.8359     1.9018      7.860 6.3433e-01  0.000e+00
     20.927    12.2804    29.8815   3.494438    262.527    88.8359     1.8945      7.860 6.3002e-01  0.000e+00
     20.897    12.2768    29.8819   3.494177    262.456    88.8359     1.9018      7.860 6.2573e-01  0.000e+00
     20.956    12.2725    29.8819   3.493823    262.387    88.8359     1.9018      7.860 6.1290e-01  0.000e+00
     20.956    12.2679    29.8805   3.493290    262.475    88.8359     1.9018      7.860 6.0865e-01  0.000e+00
     20.956    12.2612    29.8805   3.492725    262.403    88.8359     1.9018      7.855 6.0865e-01  0.000e+00
     21.037    12.2545    29.8782   3.491925    262.329    88.8359     1.9091      7.855 6.0019e-01  0.000e+00
     21.008    12.2461    29.8795   3.491360    262.423    88.8359     1.9091      7.855 5.9597e-01  0.000e+00
     21.059    12.2393    29.8865   3.491522    262.346    88.8359     1.9018      7.855 5.9597e-01  0.000e+00
     21.059    12.2366    29.8902   3.491683    262.405    88.8359     1.9091      7.860 5.8340e-01  0.000e+00
     21.059    12.2336    29.8895   3.491354    262.318    88.8359     1.9018      7.855 5.7507e-01  0.000e+00
     21.118    12.2284    29.8878   3.490753    262.399    89.1046     1.9018      7.855 5.7093e-01  0.000e+00
     21.140    12.2217    29.8858   3.489971    262.333    89.3464     1.9018      7.855 5.6267e-01  0.000e+00
     21.170    12.2129    29.8882   3.489488    262.276    89.4002     1.9018      7.850 5.4631e-01  0.000e+00
     21.170    12.2079    29.8956   3.489847    262.326    89.3733     1.9091      7.855 5.4631e-01  0.000e+00
     21.170    12.2085    29.8980   3.490151    262.345    89.3464     1.9018      7.850 5.3819e-01  0.000e+00
     21.221    12.2079    29.8963   3.489922    262.237    89.3464     1.9018      7.850 5.3012e-01  0.000e+00
     21.221    12.2045    29.8946   3.489457    262.147    89.3464     1.9018      7.855 5.2610e-01  0.000e+00
     21.251    12.1997    29.8936   3.488954    262.070    89.3464     1.9091      7.855 5.2209e-01  0.000e+00
     21.280    12.1945    29.8946   3.488619    262.144    89.3733     1.9018      7.855 5.1411e-01  0.000e+00
     21.332    12.1896    29.8996   3.488737    262.037    89.3733     1.9018      7.855 5.1014e-01  0.000e+00
     21.332    12.1878    29.9018   3.488818    262.069    89.3733     1.9018      7.855 5.0223e-01  0.000e+00
     21.332    12.1860    29.9025   3.488737    261.800    89.3733     1.9018      7.855 4.8653e-01  0.000e+00
     21.413    12.1843    29.8990   3.488235    261.839    89.3464     1.9091      7.850 4.8264e-01  0.000e+00
     21.383    12.1798    29.8918   3.487094    261.886    89.3464     1.9018      7.850 4.7875e-01  0.000e+00
     21.383    12.1700    29.8841   3.485464    261.981    89.3464     1.8798      7.850 4.7102e-01  0.000e+00
     21.442    12.1557    29.8839   3.484249    261.945    89.3464     1.8578      7.850 4.6332e-01  0.000e+00
     21.494    12.1435    29.8928   3.484162    261.709    89.3464     1.8578      7.846 4.6332e-01  0.000e+00
     21.494    12.1364    29.9008   3.484398    261.729    89.3464     1.8578      7.850 4.4807e-01  0.000e+00
     21.523    12.1314    29.9027   3.484181    261.592    89.3733     1.8578      7.850 4.3673e-01  0.000e+00
     21.546    12.1247    29.9022   3.483567    261.486    89.3733     1.8578      7.850 4.3673e-01  0.000e+00
     21.545    12.1170    29.9016   3.482861    261.535    89.6151     1.8578      7.851 4.2923e-01  0.000e+00
     21.604    12.1082    29.9021   3.482185    261.287    90.0451     1.8578      7.851 4.2177e-01  0.000e+00
     21.604    12.1007    29.9077   3.482142    261.143    90.1794     1.8578      7.846 4.2177e-01  0.000e+00
     21.656    12.0978    29.9142   3.482576    261.125    90.1526     1.8578      7.846 4.0698e-01  0.000e+00
     21.634    12.0980    29.9162   3.482805    261.115    90.1257     1.8578      7.846 3.9599e-01  0.000e+00
     21.715    12.0975    29.9160   3.482743    260.958    90.1257     1.8578      7.846 3.9599e-01  0.000e+00
     21.715    12.0964    29.9141   3.482452    260.956    90.1257     1.8578      7.846 3.8510e-01  0.000e+00
     21.715    12.0940    29.9136   3.482198    260.814    90.1257     1.8578      7.846 3.7789e-01  0.000e+00
     21.715    12.0915    29.9129   3.481913    260.487    90.1257     1.8578      7.846 3.7430e-01  0.000e+00
     21.766    12.0880    29.9133   3.481671    260.477    90.1257     1.8578      7.846 3.6714e-01  0.000e+00
     21.796    12.0853    29.9163   3.481758    260.460    90.1257     1.8578      7.846 3.6003e-01  0.000e+00
     21.877    12.0843    29.9177   3.481826    260.311    90.1257     1.8578      7.841 3.5649e-01  0.000e+00
     21.818    12.0830    29.9171   3.481647    260.153    90.1257     1.8652      7.841 3.5296e-01  0.000e+00
     21.877    12.0810    29.9161   3.481374    259.992    90.1257     1.8578      7.841 3.4593e-01  0.000e+00
     21.929    12.0785    29.9156   3.481114    259.838    90.0988     1.8578      7.836 3.4243e-01  0.000e+00
     21.877    12.0760    29.9175   3.481101    259.666    90.1257     1.8578      7.836 3.4243e-01  0.000e+00
     21.980    12.0753    29.9195   3.481263    259.495    90.1257     1.8578      7.836 3.3198e-01  0.000e+00
     21.958    12.0755    29.9205   3.481374    259.470    90.1257     1.8578      7.841 3.2852e-01  0.000e+00
     21.980    12.0757    29.9203   3.481374    259.130    90.1257     1.8578      7.836 3.2507e-01  0.000e+00
     21.980    12.0762    29.9197   3.481349    258.941    90.1257     1.8578      7.836 3.0795e-01  0.000e+00
     22.039    12.0757    29.9199   3.481337    258.750    90.2869     1.6967      7.836 3.0456e-01  0.000e+00
     22.039    12.0755    29.9194   3.481269    258.548    90.8512     1.4988      7.836 3.0118e-01  0.000e+00
     22.091    12.0747    29.9189   3.481151    258.358    91.0662     1.4549      7.832 2.9780e-01  0.000e+00
     22.061    12.0745    29.9188   3.481120    258.153    91.0393     1.4549      7.832 2.9443e-01  0.000e+00
     22.142    12.0740    29.9192   3.481120    257.945    91.0124     1.4695      7.832 2.9780e-01  0.000e+00
     22.142    12.0743    29.9191   3.481139    257.738    91.0124     1.4695      7.832 2.8773e-01  0.000e+00
     22.142    12.0735    29.9203   3.481201    257.528    91.0124     1.4695      7.836 2.7775e-01  0.000e+00
     22.201    12.0737    29.9192   3.481095    257.326    91.0124     1.4622      7.832 2.7775e-01  0.000e+00
     22.201    12.0730    29.9186   3.480984    257.119    91.0393     1.4622      7.832 2.7114e-01  0.000e+00
     22.172    12.0720    29.9175   3.480773    256.923    91.0393     1.4622      7.832 2.5803e-01  0.000e+00
     22.253    12.0700    29.9169   3.480550    256.889    91.0393     1.4622      7.832 2.5803e-01  0.000e+00
     22.304    12.0685    29.9187   3.480612    256.694    91.0393     1.4695      7.827 2.5477e-01  0.000e+00
     22.253    12.0686    29.9207   3.480835    256.333    91.0124     1.4695      7.827 2.4829e-01  0.000e+00
     22.304    12.0695    29.9208   3.480922    255.810    91.0124     1.4695      7.827 2.4829e-01  0.000e+00
     22.363    12.0698    29.9197   3.480835    255.743    91.0124     1.4695      7.827 2.4185e-01  0.000e+00
     22.304    12.0691    29.9189   3.480693    255.365    91.0124     1.4695      7.827 2.3225e-01  0.000e+00
     22.393    12.0678    29.9182   3.480507    255.139    91.0124     1.4695      7.832 2.2589e-01  0.000e+00
     22.363    12.0660    29.9179   3.480327    254.760    91.0393     1.4622      7.827 2.2589e-01  0.000e+00
     22.415    12.0643    29.9181   3.480203    254.527    91.0393     1.4622      7.827 2.1329e-01  0.000e+00
     22.415    12.0630    29.9178   3.480061    254.465    91.0393     1.4622      7.827 2.1016e-01  0.000e+00
     22.415    12.0615    29.9191   3.480073    254.398    91.0662     1.4622      7.827 2.1016e-01  0.000e+00
     22.466    12.0608    29.9202   3.480129    254.194    91.3618     1.4622      7.822 1.9773e-01  0.000e+00
     22.466    12.0606    29.9212   3.480222    253.835    91.4961     1.4695      7.822 1.9157e-01  0.000e+00
     22.496    12.0608    29.9215   3.480272    253.476    91.4961     1.4695      7.822 1.9157e-01  0.000e+00
     22.525    12.0615    29.9210   3.480278    253.101    91.4961     1.4695      7.822 1.8544e-01  0.000e+00
     22.525    12.0611    29.9206   3.480203    252.862    91.4961     1.4695      7.822 1.7935e-01  0.000e+00
     22.577    12.0615    29.9196   3.480129    252.636    91.4961     1.4695      7.822 1.7935e-01  0.000e+00
     22.577    12.0603    29.9200   3.480073    252.415    91.4961     1.4695      7.827 1.7329e-01  0.000e+00
     22.577    12.0602    29.9192   3.479987    252.190    91.4961     1.4622      7.827 1.6727e-01  0.000e+00
     22.636    12.0586    29.9187   3.479801    251.988    91.4961     1.4622      7.827 1.6727e-01  0.000e+00
     22.658    12.0578    29.9175   3.479602    251.769    91.4961     1.4622      7.822 1.6128e-01  0.000e+00
     22.636    12.0564    29.9190   3.479646    251.384    91.4961     1.4622      7.822 1.5532e-01  0.000e+00
     22.687    12.0564    29.9198   3.479733    251.321    91.5230     1.4622      7.822 1.5532e-01  0.000e+00
     22.687    12.0563    29.9198   3.479720    251.126    91.4693     1.4695      7.822 1.4940e-01  0.000e+00
     22.739    12.0553    29.9190   3.479553    250.940    91.4961     1.4695      7.822 1.4058e-01  0.000e+00
     22.739    12.0551    29.9172   3.479355    250.765    91.4961     1.4695      7.822 1.3473e-01  0.000e+00
     22.739    12.0528    29.9170   3.479138    250.278    91.4961     1.4695      7.827 1.3473e-01  0.000e+00
     22.768    12.0513    29.9173   3.479045    249.908    91.4961     1.4622      7.822 1.3183e-01  0.000e+00
     22.798    12.0491    29.9161   3.478742    249.870    91.4961     1.4622      7.822 1.2893e-01  0.000e+00
     22.798    12.0449    29.9145   3.478221    249.712    91.4961     1.4622      7.822 1.2603e-01  0.000e+00
     22.849    12.0384    29.9114   3.477348    249.413    91.4961     1.4622      7.822 1.1455e-01  0.000e+00
     22.901    12.0279    29.9115   3.476475    249.279    91.5499     1.4622      7.822 1.1170e-01  0.000e+00
     22.849    12.0170    29.9153   3.475967    249.303    91.5767     1.4695      7.822 1.1170e-01  0.000e+00
     22.901    12.0085    29.9229   3.476048    249.169    91.5767     1.4695      7.818 1.0602e-01  0.000e+00
     22.930    12.0037    29.9280   3.476184    248.861    91.5767     1.4695      7.818 1.0319e-01  0.000e+00
     22.960    12.0004    29.9282   3.475924    248.705    91.5767     1.4695      7.818 1.0319e-01  0.000e+00
     22.960    11.9954    29.9286   3.475546    248.576    91.5767     1.4695      7.818 9.7559e-02  0.000e+00
     23.011    11.9914    29.9273   3.475076    248.437    91.5767     1.4695      7.818 9.1960e-02  0.000e+00
     23.011    11.9851    29.9303   3.474865    248.142    91.5767     1.4695      7.818 9.1960e-02  0.000e+00
     23.063    11.9809    29.9352   3.475020    248.149    91.5767     1.4695      7.822 8.0854e-02  0.000e+00
     23.063    11.9796    29.9368   3.475082    248.164    91.5767     1.4622      7.818 7.2607e-02  0.000e+00
     23.041    11.9780    29.9376   3.475032    248.037    91.5767     1.4622      7.818 7.2607e-02  0.000e+00
     23.122    11.9766    29.9375   3.474902    247.918    91.6036     1.4622      7.818 6.4429e-02  0.000e+00
     23.122    11.9754    29.9374   3.474791    247.961    91.6036     1.4476      7.818 5.9015e-02  0.000e+00
     23.173    11.9734    29.9390   3.474791    247.700    91.5767     1.4402      7.818 5.9015e-02  0.000e+00
     23.225    11.9722    29.9404   3.474847    247.586    91.6036     1.4402      7.813 5.3632e-02  0.000e+00
     23.225    11.9722    29.9408   3.474884    247.471    91.5767     1.4402      7.813 4.8278e-02  0.000e+00
     23.173    11.9722    29.9411   3.474915    247.195    91.5767     1.4402      7.813 4.8278e-02  0.000e+00
     23.284    11.9729    29.9410   3.474971    247.236    91.5767     1.4402      7.813 4.0304e-02  0.000e+00
     23.254    11.9734    29.9417   3.475082    246.981    91.5767     1.4402      7.813 2.9777e-02  0.000e+00
     23.284    11.9749    29.9415   3.475187    246.876    91.5767     1.4329      7.813 2.4557e-02  0.000e+00
     23.335    11.9760    29.9351   3.474618    246.775    91.5230     1.4329      7.813 2.1958e-02  0.000e+00
     23.387    11.9766    29.9351   3.474661    246.640    91.4961     1.4329      7.813 9.0734e-03  0.000e+00
     23.335    11.9769    29.9378   3.474971    246.678    91.4693     1.4329      7.813 6.5180e-03  0.000e+00
     23.446    11.9762    29.9388   3.475026    246.730    91.4961     1.4402      7.813 6.5180e-03  0.000e+00
     23.387    11.9757    29.9387   3.474971    246.634    91.4693     1.4402      7.808 1.0000e-12  0.000e+00
     23.497    11.9751    29.9389   3.474934    246.529    91.4693     1.4402      7.808 1.0000e-12  0.000e+00
     23.475    11.9749    29.9391   3.474946    246.581    91.4961     1.4402      7.808 1.0000e-12  0.000e+00
     23.446    11.9749    29.9390   3.474933    246.501    91.4693     1.4402      7.808 1.0000e-12  0.000e+00
     23.556    11.9746    29.9385   3.474853    246.444    91.4693     1.4402      7.808 1.0000e-12  0.000e+00
     23.556    11.9732    29.9389   3.474785    246.226    91.4693     1.4402      7.808 1.0000e-12  0.000e+00
     23.608    11.9735    29.9389   3.474816    246.138    91.4693     1.4402      7.808 1.0000e-12  0.000e+00
     23.608    11.9735    29.9397   3.474903    246.034    91.4693     1.4402      7.808 1.0000e-12  0.000e+00
     23.659    11.9744    29.9402   3.475020    246.077    91.4961     1.4329      7.808 1.0000e-12  0.000e+00
     23.659    11.9751    29.9406   3.475119    245.972    91.4961     1.4329      7.808 1.0000e-12  0.000e+00
     23.689    11.9770    29.9399   3.475212    245.863    91.4961     1.4329      7.808 1.0000e-12  0.000e+00
     23.718    11.9777    29.9394   3.475218    245.760    91.4961     1.4329      7.808 1.0000e-12  0.000e+00
     23.718    11.9794    29.9386   3.475280    245.814    91.4961     1.4329      7.808 1.0000e-12  0.000e+00
     23.770    11.9802    29.9379   3.475280    245.563    91.4693     1.4402      7.808 1.0000e-12  0.000e+00
     23.821    11.9804    29.9377   3.475268    245.625    91.4693     1.4036      7.803 1.0000e-12  0.000e+00
     23.821    11.9804    29.9370   3.475200    245.684    91.4693     1.3816      7.803 1.0000e-12  0.000e+00
     23.821    11.9809    29.9371   3.475249    245.607    91.3886     1.3670      7.803 1.0000e-12  0.000e+00
     23.821    11.9817    29.9366   3.475268    245.526    91.2812     1.3743      7.803 1.0000e-12  0.000e+00
     23.851    11.9814    29.9364   3.475225    245.452    91.2543     1.3743      7.803 1.0000e-12  0.000e+00
     23.983    11.9807    29.9356   3.475088    245.381    91.2543     1.3743      7.803 1.0000e-12  0.000e+00
     23.932    11.9794    29.9356   3.474977    245.276    91.2543     1.3743      7.808 1.0000e-12  0.000e+00
     23.932    11.9784    29.9358   3.474909    245.153    91.2812     1.3670      7.808 1.0000e-12  0.000e+00
     23.983    11.9769    29.9357   3.474779    245.047    91.2812     1.3670      7.808 1.0000e-12  0.000e+00
