site/notebooks/data/aplsurp_cruises_cnvs_2024/20240716_CTD02_p29.cnv
* Sea-Bird SBE 9 Data File:
* FileName = C:\Data\RC0122ctd\20240716_CTD02_p29.hex
* Software Version Seasave V 7.26.7.107
* Temperature SN = 1121
* Conductivity SN = 2881
* Number of Bytes Per Scan = 31
* Number of Voltage Words = 4
* Number of Scans Averaged by the Deck Unit = 1
* NMEA Latitude = 47 33.42 N
* NMEA Longitude = 122 28.60 W
* NMEA UTC (Time) = Jul 16 2024  18:32:46
* NMEA baud rate = 4800
** Ship: R/V Rachel Carson
** Cruise ID: RC0121
** Tech: Jalickee
** Chief Scientist: Boyar
** Station: p29
** Cast:  02
# nquan = 10
# nvalues = 16565                                 
# units = specified
# name 0 = depSM: Depth [salt water, m]
# name 1 = t090C: Temperature [ITS-90, deg C]
# name 2 = sal00: Salinity, Practical [PSU]
# name 3 = c0S/m: Conductivity [S/m]
# name 4 = sbox0Mm/Kg: Oxygen, SBE 43 [umol/kg]
# name 5 = CStarTr0: Beam Transmission, WET Labs C-Star [%]
# name 6 = flECO-AFL: Fluorescence, WET Labs ECO-AFL/FL [mg/m^3]
# name 7 = ph: pH
# name 8 = par: PAR/Irradiance, Biospherical/Licor
# name 9 = flag:  0.000e+00
# span 0 =      0.729,    115.988                 
# span 1 =    11.0925,    16.3236                 
# span 2 =    29.2642,    30.5157                 
# span 3 =   3.431759,   3.769323                 
# span 4 =    188.711,    429.783                 
# span 5 =    64.9744,    92.5441                 
# span 6 =     0.1069,     6.0190                 
# span 7 =      7.596,      8.335                 
# span 8 = 1.0000e-12, 4.0722e+03                 
# span 9 = 0.0000e+00, 0.0000e+00                 
# interval = seconds: 0.0416667
# start_time = Jul 16 2024 18:32:46 [NMEA time, header]
# bad_flag = -9.990e-29
*END*
[from data line 16145]
      1.801    16.2874    29.2903   3.766888    424.200    66.1567     2.4073      8.311 1.8065e+03  0.000e+00
      1.867    16.2854    29.2910   3.766799    424.246    66.1567     2.4146      8.311 1.5783e+03  0.000e+00
      1.853    16.2839    29.2897   3.766524    424.444    66.1567     2.4146      8.311 1.5302e+03  0.000e+00
      1.808    16.2794    29.2907   3.766256    424.664    66.1567     2.4146      8.311 1.6603e+03  0.000e+00
      1.867    16.2746    29.2914   3.765923    424.608    66.1567     2.4146      8.311 1.8685e+03  0.000e+00
      1.853    16.2700    29.2918   3.765578    424.834    66.1567     2.4146      8.316 1.9218e+03  0.000e+00
      1.867    16.2645    29.2938   3.765348    424.935    66.1567     2.4146      8.311 1.9218e+03  0.000e+00
      1.904    16.2594    29.2949   3.765035    425.042    66.1836     2.4146      8.311 1.9164e+03  0.000e+00
      1.867    16.2535    29.2968   3.764761    425.009    66.1567     2.4146      8.311 1.9164e+03  0.000e+00
      1.867    16.2497    29.2986   3.764646    425.092    66.1836     2.4146      8.311 1.8528e+03  0.000e+00
      1.904    16.2462    29.2995   3.764454    425.172    66.1567     2.4219      8.311 1.6325e+03  0.000e+00
      1.919    16.2436    29.3007   3.764365    425.237    66.1567     2.4293      8.311 1.5519e+03  0.000e+00
      1.904    16.2414    29.3025   3.764390    425.457    66.1567     2.4366      8.311 1.5828e+03  0.000e+00
      1.919    16.2398    29.3029   3.764301    425.401    66.1567     2.4293      8.311 1.8269e+03  0.000e+00
      1.808    16.2397    29.3042   3.764441    425.454    66.1567     2.4293      8.311 1.9490e+03  0.000e+00
      2.015    16.2396    29.3042   3.764441    425.666    66.1567     2.4293      8.311 1.9545e+03  0.000e+00
      1.919    16.2383    29.3038   3.764282    425.732    66.2373     2.4293      8.311 1.9272e+03  0.000e+00
      1.963    16.2370    29.3050   3.764314    425.803    66.4523     2.4293      8.311 1.9164e+03  0.000e+00
      1.919    16.2375    29.3044   3.764282    425.865    66.5060     2.4293      8.316 1.9164e+03  0.000e+00
      1.963    16.2389    29.3037   3.764320    425.915    66.5060     2.4293      8.311 1.6697e+03  0.000e+00
      1.971    16.2393    29.3045   3.764448    425.960    66.4792     2.4293      8.311 1.5046e+03  0.000e+00
      1.919    16.2405    29.3038   3.764467    426.137    66.4792     2.4293      8.311 1.4794e+03  0.000e+00
      1.963    16.2403    29.3046   3.764544    426.204    66.4792     2.4293      8.311 1.7564e+03  0.000e+00
      1.971    16.2402    29.3049   3.764569    426.261    66.4792     2.4293      8.311 2.0676e+03  0.000e+00
      1.963    16.2406    29.3051   3.764627    426.022    66.4792     2.4293      8.311 2.1386e+03  0.000e+00
      1.971    16.2405    29.3050   3.764614    426.186    66.4792     2.4293      8.316 1.9272e+03  0.000e+00
      1.971    16.2403    29.3035   3.764422    426.367    66.4792     2.4366      8.311 1.6697e+03  0.000e+00
      1.963    16.2402    29.3010   3.764115    426.416    66.5060     2.4366      8.311 1.6097e+03  0.000e+00
      1.971    16.2398    29.3003   3.764000    426.463    66.5060     2.4293      8.316 1.7416e+03  0.000e+00
      1.963    16.2368    29.3031   3.764071    426.229    66.4792     2.4293      8.311 2.0046e+03  0.000e+00
      1.971    16.2341    29.3045   3.764007    426.259    66.4792     2.4293      8.311 2.0910e+03  0.000e+00
      1.867    16.2332    29.3053   3.764020    426.417    66.4792     2.4293      8.311 1.8738e+03  0.000e+00
      2.015    16.2338    29.3066   3.764224    426.587    66.4792     2.4293      8.311 1.2709e+03  0.000e+00
      1.971    16.2354    29.3054   3.764224    426.453    66.4792     2.4293      8.316 1.0949e+03  0.000e+00
      1.963    16.2357    29.3020   3.763853    426.463    66.5060     2.4293      8.316 1.1293e+03  0.000e+00
      1.919    16.2342    29.3010   3.763611    426.478    66.4792     2.4293      8.311 1.3712e+03  0.000e+00
      1.919    16.2319    29.3027   3.763611    426.652    66.5060     2.4293      8.311 1.4920e+03  0.000e+00
      1.963    16.2317    29.3013   3.763432    426.550    66.6404     2.4146      8.316 1.5216e+03  0.000e+00
      1.919    16.2327    29.3005   3.763419    426.546    66.6673     2.4073      8.316 1.8372e+03  0.000e+00
      1.904    16.2336    29.3008   3.763534    426.540    66.6404     2.4146      8.316 2.0273e+03  0.000e+00
      1.919    16.2337    29.3009   3.763553    426.544    66.6404     2.4146      8.311 2.0445e+03  0.000e+00
      1.919    16.2321    29.3020   3.763540    426.557    66.6673     2.4146      8.311 1.7077e+03  0.000e+00
      1.904    16.2281    29.3056   3.763617    426.583    66.6673     2.4073      8.316 1.5131e+03  0.000e+00
      1.867    16.2264    29.3068   3.763611    426.595    66.6673     2.4073      8.316 1.4878e+03  0.000e+00
      1.904    16.2322    29.3029   3.763662    426.563    66.6404     2.4073      8.316 1.5828e+03  0.000e+00
      1.867    16.2369    29.3002   3.763745    426.534    66.6404     2.4146      8.311 1.6744e+03  0.000e+00
      1.867    16.2355    29.3021   3.763847    426.544    66.6673     2.4146      8.311 1.6933e+03  0.000e+00
      1.904    16.2334    29.3046   3.763949    426.706    66.6673     2.4073      8.316 1.5345e+03  0.000e+00
      1.867    16.2322    29.3059   3.764007    426.566    66.6673     2.4073      8.316 1.3559e+03  0.000e+00
      1.853    16.2320    29.3072   3.764135    426.398    66.6404     2.4146      8.311 1.3146e+03  0.000e+00
      1.867    16.2314    29.3077   3.764147    426.517    66.6404     2.4146      8.311 1.5917e+03  0.000e+00
      1.867    16.2313    29.3071   3.764064    426.510    66.6673     2.4073      8.316 2.2058e+03  0.000e+00
      1.904    16.2317    29.3070   3.764096    426.363    66.6673     2.4073      8.316 2.4203e+03  0.000e+00
      1.867    16.2328    29.3070   3.764179    426.332    66.6404     2.4146      8.311 2.2433e+03  0.000e+00
      1.853    16.2340    29.3063   3.764205    426.459    66.6404     2.4146      8.311 1.8372e+03  0.000e+00
      1.867    16.2345    29.3049   3.764077    426.462    66.6673     2.4073      8.316 1.7125e+03  0.000e+00
      1.867    16.2352    29.3032   3.763949    426.316    66.6404     2.4073      8.316 1.7416e+03  0.000e+00
      1.904    16.2357    29.3049   3.764179    426.289    66.3448     2.4146      8.311 1.8633e+03  0.000e+00
      1.867    16.2361    29.3055   3.764288    426.261    66.2105     2.4146      8.311 1.9110e+03  0.000e+00
      1.853    16.2367    29.3045   3.764224    426.238    66.2105     2.4073      8.316 1.9110e+03  0.000e+00
      1.867    16.2368    29.3049   3.764275    426.217    66.2105     2.4146      8.311 1.8738e+03  0.000e+00
      1.919    16.2376    29.3037   3.764211    426.354    66.2105     2.4146      8.311 1.8580e+03  0.000e+00
      1.853    16.2380    29.3027   3.764122    426.487    66.2373     2.4146      8.311 1.8528e+03  0.000e+00
      1.867    16.2391    29.3021   3.764154    426.334    66.2373     2.3633      8.316 1.5962e+03  0.000e+00
      1.904    16.2390    29.3021   3.764147    426.191    66.2105     2.3194      8.316 1.4506e+03  0.000e+00
      1.867    16.2396    29.3036   3.764371    426.462    66.2105     2.3120      8.311 1.4344e+03  0.000e+00
      1.867    16.2395    29.3045   3.764460    426.326    66.2373     2.3194      8.311 1.5607e+03  0.000e+00
      1.853    16.2386    29.3037   3.764288    426.189    66.2373     2.3120      8.316 1.6838e+03  0.000e+00
      1.867    16.2385    29.3037   3.764282    426.327    66.2105     2.3120      8.316 1.7029e+03  0.000e+00
      1.904    16.2384    29.3059   3.764537    426.470    66.2105     2.3194      8.311 1.7077e+03  0.000e+00
      1.867    16.2395    29.3079   3.764850    426.622    66.2373     2.3194      8.311 1.7125e+03  0.000e+00
      1.867    16.2422    29.3073   3.765010    426.488    66.2373     2.3120      8.316 1.7125e+03  0.000e+00
      1.853    16.2429    29.3056   3.764882    426.654    66.2105     2.3120      8.316 2.1628e+03  0.000e+00
      1.867    16.2412    29.3062   3.764799    426.678    66.2105     2.3194      8.311 3.1794e+03  0.000e+00
      1.904    16.2395    29.3067   3.764722    426.712    66.2373     2.3194      8.311 3.5380e+03  0.000e+00
      1.867    16.2391    29.3049   3.764473    426.749    66.2105     2.3120      8.316 2.8814e+03  0.000e+00
      1.867    16.2391    29.3038   3.764352    426.782    66.2373     2.3120      8.316 1.7416e+03  0.000e+00
      1.853    16.2416    29.3021   3.764358    426.795    66.1030     2.3194      8.311 1.4753e+03  0.000e+00
      1.867    16.2424    29.3002   3.764205    426.947    66.0224     2.3194      8.311 1.5345e+03  0.000e+00
      1.853    16.2409    29.2986   3.763892    427.125    66.0224     2.3120      8.316 1.7863e+03  0.000e+00
      1.867    16.2400    29.2985   3.763809    427.168    66.0224     2.3120      8.316 1.8896e+03  0.000e+00
      1.808    16.2395    29.2984   3.763751    427.068    66.0224     2.3120      8.316 1.8633e+03  0.000e+00
      1.853    16.2384    29.2980   3.763623    427.102    65.9955     2.3194      8.311 1.6233e+03  0.000e+00
      1.867    16.2359    29.3010   3.763751    427.281    65.9955     2.3194      8.311 1.5174e+03  0.000e+00
      1.853    16.2340    29.3024   3.763751    427.321    66.0224     2.3120      8.316 1.5131e+03  0.000e+00
      1.867    16.2334    29.3023   3.763687    427.366    66.0224     2.3120      8.316 1.6052e+03  0.000e+00
      1.808    16.2341    29.3056   3.764135    427.373    65.9955     2.3194      8.316 1.6603e+03  0.000e+00
      1.853    16.2354    29.3072   3.764422    427.385    65.9955     2.3194      8.311 1.6650e+03  0.000e+00
      1.808    16.2370    29.3068   3.764518    427.392    66.0224     2.3120      8.311 1.8896e+03  0.000e+00
      1.853    16.2385    29.3044   3.764358    427.411    66.0224     2.3194      8.316 2.0734e+03  0.000e+00
      1.808    16.2384    29.3031   3.764211    427.431    66.0224     2.3267      8.316 2.1087e+03  0.000e+00
      1.867    16.2381    29.3030   3.764173    427.454    65.9955     2.3340      8.311 2.0502e+03  0.000e+00
      1.742    16.2396    29.3020   3.764173    427.454    65.9955     2.3340      8.311 1.9934e+03  0.000e+00
      1.919    16.2393    29.3027   3.764243    427.623    66.0224     2.3267      8.316 1.9822e+03  0.000e+00
      1.853    16.2389    29.3034   3.764282    427.497    66.0224     2.3267      8.316 1.7964e+03  0.000e+00
      1.808    16.2397    29.3023   3.764224    427.355    65.9955     2.3340      8.316 1.5475e+03  0.000e+00
      1.867    16.2393    29.3022   3.764179    427.516    65.9955     2.3340      8.316 1.4920e+03  0.000e+00
      1.853    16.2383    29.3035   3.764243    427.380    66.3986     2.3340      8.311 1.6188e+03  0.000e+00
      1.808    16.2393    29.3029   3.764256    427.355    66.8822     2.3267      8.316 1.9218e+03  0.000e+00
      1.904    16.2409    29.3022   3.764313    427.342    67.0166     2.3267      8.316 2.0273e+03  0.000e+00
      1.808    16.2422    29.3010   3.764281    427.321    66.9628     2.3340      8.316 1.9822e+03  0.000e+00
      1.867    16.2400    29.3016   3.764173    427.319    66.9628     2.3340      8.311 1.8321e+03  0.000e+00
      1.904    16.2367    29.3036   3.764122    427.319    66.9628     2.3267      8.316 1.7763e+03  0.000e+00
      1.867    16.2358    29.3047   3.764179    427.162    66.9628     2.3267      8.316 1.7416e+03  0.000e+00
      1.853    16.2344    29.3056   3.764154    427.145    66.9360     2.3340      8.316 1.5174e+03  0.000e+00
      1.919    16.2328    29.3068   3.764160    427.121    66.9628     2.3340      8.316 1.4223e+03  0.000e+00
      1.867    16.2316    29.3078   3.764173    427.086    66.9628     2.3267      8.316 1.4344e+03  0.000e+00
      1.904    16.2317    29.3078   3.764179    426.901    66.9628     2.3267      8.316 1.7564e+03  0.000e+00
      1.867    16.2323    29.3075   3.764199    426.843    66.9628     2.3340      8.316 1.9545e+03  0.000e+00
      1.904    16.2321    29.3064   3.764052    426.798    66.9628     2.3340      8.316 1.9766e+03  0.000e+00
      1.919    16.2322    29.3059   3.764007    426.757    66.9628     2.3267      8.316 1.7713e+03  0.000e+00
      1.919    16.2315    29.3069   3.764064    426.582    66.9628     2.3267      8.316 1.6463e+03  0.000e+00
      1.904    16.2317    29.3070   3.764096    426.672    66.9360     2.3340      8.316 1.6279e+03  0.000e+00
      1.919    16.2320    29.3069   3.764103    426.617    66.9360     2.3340      8.311 1.7173e+03  0.000e+00
      1.963    16.2321    29.3068   3.764103    426.586    66.9628     2.3267      8.316 1.8116e+03  0.000e+00
      1.919    16.2320    29.3068   3.764090    426.249    66.9628     2.3267      8.316 1.8321e+03  0.000e+00
      1.919    16.2317    29.3062   3.764000    426.176    66.9628     2.3633      8.316 1.8014e+03  0.000e+00
      1.963    16.2313    29.3060   3.763943    426.118    66.8822     2.3853      8.316 1.7564e+03  0.000e+00
      1.919    16.2309    29.3058   3.763885    425.920    66.7747     2.3780      8.311 1.7465e+03  0.000e+00
      1.904    16.2300    29.3047   3.763681    425.732    66.7210     2.3780      8.316 1.6142e+03  0.000e+00
      1.971    16.2287    29.3055   3.763662    425.673    66.7210     2.3853      8.316 1.3712e+03  0.000e+00
      1.919    16.2274    29.3067   3.763694    425.765    66.7210     2.3853      8.316 1.3035e+03  0.000e+00
      1.963    16.2265    29.3066   3.763604    425.730    66.7210     2.3853      8.316 1.5174e+03  0.000e+00
      1.919    16.2255    29.3067   3.763534    425.692    66.7210     2.3780      8.316 2.4203e+03  0.000e+00
      1.904    16.2235    29.3086   3.763579    425.368    66.7210     2.3780      8.316 2.8733e+03  0.000e+00
      1.919    16.2229    29.3097   3.763656    425.309    66.7210     2.3853      8.316 2.7315e+03  0.000e+00
      1.971    16.2225    29.3102   3.763675    425.256    66.7210     2.3853      8.316 2.1266e+03  0.000e+00
      1.904    16.2228    29.3100   3.763681    425.206    66.7210     2.3780      8.316 1.9110e+03  0.000e+00
      1.919    16.2234    29.3099   3.763726    425.173    66.7210     2.3780      8.316 1.8896e+03  0.000e+00
      1.904    16.2240    29.3081   3.763560    425.146    66.7210     2.3853      8.316 1.6933e+03  0.000e+00
      1.919    16.2238    29.3058   3.763279    425.268    66.7210     2.3853      8.316 1.5962e+03  0.000e+00
      1.919    16.2238    29.3076   3.763489    425.242    66.7210     2.3853      8.316 1.5828e+03  0.000e+00
      1.904    16.2245    29.3087   3.763675    425.226    66.7210     2.3780      8.316 1.5695e+03  0.000e+00
      1.919    16.2250    29.3082   3.763656    425.222    66.7210     2.3780      8.316 1.5651e+03  0.000e+00
      1.853    16.2247    29.3074   3.763541    425.223    66.7210     2.3853      8.316 1.5651e+03  0.000e+00
      1.919    16.2230    29.3082   3.763489    425.241    66.7210     2.3853      8.316 1.6838e+03  0.000e+00
      1.867    16.2217    29.3075   3.763298    425.403    66.7210     2.3780      8.316 1.8014e+03  0.000e+00
      1.904    16.2220    29.3091   3.763509    425.272    66.5866     2.3780      8.316 1.8269e+03  0.000e+00
      1.919    16.2219    29.3107   3.763681    425.427    66.0492     2.3853      8.316 1.9164e+03  0.000e+00
      1.853    16.2226    29.3109   3.763764    425.443    65.8343     2.3853      8.316 2.0273e+03  0.000e+00
      1.919    16.2235    29.3105   3.763803    425.615    65.8343     2.3780      8.316 2.0502e+03  0.000e+00
      1.867    16.2246    29.3102   3.763854    425.499    65.8611     2.3780      8.316 1.8528e+03  0.000e+00
      1.904    16.2252    29.3095   3.763822    425.397    65.8611     2.3047      8.316 1.5475e+03  0.000e+00
