site/notebooks/data/aplsurp_cruises_cnvs_2024/20240718_CTD06_p29.cnv
* Sea-Bird SBE 9 Data File:
* FileName = C:\Data\RC0122ctd\20240718_CTD06_p29.hex
* Software Version Seasave V 7.26.7.107
* Temperature SN = 1121
* Conductivity SN = 2881
* Number of Bytes Per Scan = 31
* Number of Voltage Words = 4
* Number of Scans Averaged by the Deck Unit = 1
* NMEA Latitude = 47 43.27 N
* NMEA Longitude = 122 30.11 W
* NMEA UTC (Time) = Jul 18 2024  19:16:23
* NMEA baud rate = 4800
** Ship: R/V Rachel Carson
** Cruise ID: RC0122
** Tech: Jalickee
** Chief Scientist: Boyar
** Station: p29
** Cast:  06
# nquan = 10
# nvalues = 21325                                 
# units = specified
# name 0 = depSM: Depth [salt water, m]
# name 1 = t090C: Temperature [ITS-90, deg C]
# name 2 = sal00: Salinity, Practical [PSU]
# name 3 = c0S/m: Conductivity [S/m]
# name 4 = sbox0Mm/Kg: Oxygen, SBE 43 [umol/kg]
# name 5 = CStarTr0: Beam Transmission, WET Labs C-Star [%]
# name 6 = flECO-AFL: Fluorescence, WET Labs ECO-AFL/FL [mg/m^3]
# name 7 = ph: pH
# name 8 = par: PAR/Irradiance, Biospherical/Licor
# name 9 = flag:  0.000e+00
# span 0 =      0.566,    108.145                 
# span 1 =    11.3215,    15.6006                 
# span 2 =    29.5114,    30.4501                 
# span 3 =   3.448809,   3.738273                 
# span 4 =    189.620,    369.220                 
# span 5 =    65.3237,    91.6842                 
# span 6 =     0.1142,     8.2168                 
# span 7 =      7.548,      8.094                 
# span 8 = 1.0000e-12, 5.1717e+03                 
# span 9 = 0.0000e+00, 0.0000e+00                 
# interval = seconds: 0.0416667
# start_time = Jul 18 2024 19:16:23 [NMEA time, header]
# bad_flag = -9.990e-29
*END*
[from data line 16433]
     32.725    11.5118    30.1322   3.456502    200.297    89.8570     0.2095      7.581 1.0000e-12  0.000e+00
     32.615    11.5101    30.1340   3.456539    200.132    89.8301     0.2168      7.581 1.0000e-12  0.000e+00
     32.674    11.5101    30.1352   3.456669    200.116    89.8301     0.2168      7.581 1.0000e-12  0.000e+00
     32.563    11.5118    30.1341   3.456687    200.257    89.8570     0.2095      7.581 1.0000e-12  0.000e+00
     32.563    11.5119    30.1329   3.456576    200.246    89.8570     0.2095      7.581 1.0000e-12  0.000e+00
     32.563    11.5114    30.1317   3.456415    200.241    89.8301     0.2168      7.581 1.0000e-12  0.000e+00
     32.475    11.5111    30.1312   3.456322    200.235    89.8301     0.2168      7.581 1.0000e-12  0.000e+00
     32.453    11.5108    30.1322   3.456403    200.364    89.8570     0.2095      7.581 1.0000e-12  0.000e+00
     32.453    11.5111    30.1336   3.456570    200.509    89.8570     0.2168      7.581 1.0000e-12  0.000e+00
     32.401    11.5121    30.1388   3.457194    200.660    89.8570     0.2168      7.581 1.0000e-12  0.000e+00
     32.401    11.5238    30.1386   3.458158    200.611    89.8570     0.2095      7.581 1.0000e-12  0.000e+00
     32.349    11.5417    30.1292   3.458695    200.518    89.8570     0.2095      7.581 1.0000e-12  0.000e+00
     32.291    11.5533    30.1230   3.459023    200.450    89.8301     0.2168      7.581 1.0000e-12  0.000e+00
     32.291    11.5638    30.1189   3.459474    200.388    89.8570     0.2168      7.581 1.0000e-12  0.000e+00
     32.239    11.5755    30.1131   3.459857    200.652    89.8570     0.2095      7.581 1.0000e-12  0.000e+00
     32.187    11.5858    30.1065   3.460036    200.628    89.8570     0.2095      7.586 1.0000e-12  0.000e+00
     32.202    11.5933    30.1011   3.460110    200.620    89.8301     0.2168      7.581 1.0000e-12  0.000e+00
     32.128    11.5975    30.0974   3.460079    200.611    89.8570     0.2168      7.581 1.0000e-12  0.000e+00
     32.128    11.6009    30.0940   3.460017    200.578    89.8570     0.2095      7.586 1.0000e-12  0.000e+00
     32.128    11.6029    30.0920   3.459980    200.702    89.9645     0.2168      7.581 1.0000e-12  0.000e+00
     32.025    11.6036    30.0907   3.459900    200.860    90.0182     0.2168      7.581 1.0000e-12  0.000e+00
     32.025    11.6036    30.0901   3.459832    200.862    90.0451     0.2095      7.586 1.0000e-12  0.000e+00
     32.025    11.6018    30.0908   3.459745    201.022    90.0182     0.2095      7.586 1.0000e-12  0.000e+00
     31.966    11.5993    30.0935   3.459819    201.034    90.0182     0.2168      7.581 1.0000e-12  0.000e+00
     31.915    11.5988    30.0935   3.459776    201.207    90.0182     0.2168      7.581 1.0000e-12  0.000e+00
     31.915    11.5981    30.0936   3.459733    201.043    90.0182     0.2168      7.586 1.0000e-12  0.000e+00
     31.863    11.5978    30.0934   3.459677    201.028    90.0182     0.2095      7.586 1.0000e-12  0.000e+00
     31.863    11.5964    30.0939   3.459615    201.185    90.0182     0.2168      7.581 1.0000e-12  0.000e+00
     31.826    11.5971    30.0932   3.459603    201.173    90.0182     0.2168      7.581 1.0000e-12  0.000e+00
     31.752    11.6009    30.0906   3.459646    201.138    90.0182     0.2168      7.586 1.0000e-12  0.000e+00
     31.804    11.6064    30.0867   3.459708    201.088    90.0182     0.2095      7.586 1.0000e-12  0.000e+00
     31.693    11.6096    30.0841   3.459702    201.210    90.0182     0.2168      7.581 1.0000e-12  0.000e+00
     31.693    11.6123    30.0821   3.459714    201.191    89.9913     0.2168      7.581 1.0000e-12  0.000e+00
     31.642    11.6126    30.0805   3.459578    201.154    90.0182     0.2095      7.586 1.0000e-12  0.000e+00
     31.642    11.6108    30.0816   3.459535    201.276    90.0182     0.2095      7.586 1.0000e-12  0.000e+00
     31.590    11.6089    30.0828   3.459510    201.250    90.0182     0.2168      7.581 1.0000e-12  0.000e+00
     31.531    11.6088    30.0846   3.459671    201.057    90.0182     0.2168      7.581 1.0000e-12  0.000e+00
     31.531    11.6091    30.0852   3.459770    201.167    90.0182     0.2095      7.586 1.0000e-12  0.000e+00
     31.480    11.6093    30.0848   3.459739    201.296    90.0182     0.2095      7.581 1.0000e-12  0.000e+00
     31.480    11.6087    30.0847   3.459677    201.285    90.0451     0.2168      7.581 1.0000e-12  0.000e+00
     31.428    11.6077    30.0851   3.459640    201.100    90.0988     0.2168      7.586 1.0000e-12  0.000e+00
     31.391    11.6071    30.0862   3.459702    201.051    90.1257     0.2095      7.586 1.0000e-12  0.000e+00
     31.369    11.6074    30.0858   3.459677    201.170    90.1257     0.2095      7.586 1.0000e-12  0.000e+00
     31.318    11.6073    30.0851   3.459590    201.132    90.1257     0.2168      7.581 1.0000e-12  0.000e+00
     31.318    11.6058    30.0863   3.459590    201.089    90.1257     0.2168      7.586 1.0000e-12  0.000e+00
     31.266    11.6063    30.0864   3.459646    201.027    90.1257     0.2095      7.586 1.0000e-12  0.000e+00
     31.207    11.6059    30.0880   3.459776    200.973    90.1257     0.2095      7.586 1.0000e-12  0.000e+00
     31.207    11.6071    30.0906   3.460141    201.081    90.1257     0.2168      7.586 1.0000e-12  0.000e+00
     31.104    11.6103    30.0911   3.460456    201.023    90.1257     0.2168      7.586 1.0000e-12  0.000e+00
     31.155    11.6126    30.0899   3.460530    200.997    90.1257     0.2095      7.586 1.0000e-12  0.000e+00
     31.104    11.6147    30.0911   3.460833    201.105    90.1526     0.2168      7.586 1.0000e-12  0.000e+00
     31.045    11.6211    30.0897   3.461216    201.204    90.1257     0.2168      7.586 1.0000e-12  0.000e+00
     30.993    11.6264    30.0863   3.461309    201.167    90.1257     0.2168      7.586 1.0000e-12  0.000e+00
     30.993    11.6288    30.0850   3.461377    201.132    90.1257     0.2241      7.586 1.0000e-12  0.000e+00
     30.934    11.6314    30.0829   3.461377    201.087    90.1257     0.2315      7.586 1.0000e-12  0.000e+00
     30.934    11.6331    30.0787   3.461086    201.041    90.0988     0.2315      7.586 1.0000e-12  0.000e+00
     30.846    11.6301    30.0769   3.460641    201.017    90.1257     0.2241      7.586 1.0000e-12  0.000e+00
     30.831    11.6232    30.0789   3.460270    201.339    90.1257     0.2241      7.586 1.0000e-12  0.000e+00
     30.831    11.6169    30.0821   3.460072    201.367    90.1257     0.2315      7.586 1.0000e-12  0.000e+00
     30.772    11.6123    30.0871   3.460202    201.374    90.0988     0.2315      7.586 1.0000e-12  0.000e+00
     30.721    11.6129    30.0903   3.460579    201.353    90.0720     0.2241      7.586 1.0000e-12  0.000e+00
     30.721    11.6161    30.0885   3.460666    201.483    90.0720     0.2241      7.586 1.0000e-12  0.000e+00
     30.669    11.6164    30.0898   3.460820    201.462    90.0451     0.2315      7.586 1.0000e-12  0.000e+00
     30.610    11.6201    30.0911   3.461265    201.448    90.0451     0.2315      7.586 1.0000e-12  0.000e+00
     30.610    11.6267    30.0888   3.461587    201.583    90.0720     0.2241      7.590 1.0000e-12  0.000e+00
     30.559    11.6326    30.0852   3.461698    201.728    90.0720     0.2241      7.590 1.0000e-12  0.000e+00
     30.507    11.6368    30.0820   3.461717    201.885    90.0451     0.2315      7.586 1.0000e-12  0.000e+00
     30.507    11.6402    30.0775   3.461543    201.890    90.0451     0.2315      7.590 1.0000e-12  0.000e+00
     30.448    11.6397    30.0758   3.461327    202.076    90.0720     0.2241      7.590 1.0000e-12  0.000e+00
     30.448    11.6366    30.0768   3.461160    202.455    90.0720     0.2315      7.586 1.0000e-12  0.000e+00
     30.345    11.6339    30.0778   3.461030    202.522    90.0451     0.2315      7.586 1.0000e-12  0.000e+00
     30.345    11.6316    30.0783   3.460888    202.432    90.0720     0.2315      7.590 1.0000e-12  0.000e+00
     30.345    11.6294    30.0791   3.460795    202.480    90.0720     0.2241      7.590 1.0000e-12  0.000e+00
     30.286    11.6267    30.0801   3.460666    202.862    90.0451     0.2315      7.586 1.0000e-12  0.000e+00
     30.234    11.6232    30.0814   3.460505    202.762    90.0720     0.2315      7.586 1.0000e-12  0.000e+00
     30.197    11.6214    30.0825   3.460468    202.793    90.0720     0.2241      7.590 1.0000e-12  0.000e+00
     30.175    11.6187    30.0835   3.460350    203.161    90.0720     0.2241      7.590 1.0000e-12  0.000e+00
     30.124    11.6156    30.0842   3.460146    203.387    90.0451     0.2315      7.586 1.0000e-12  0.000e+00
     30.124    11.6109    30.0863   3.459979    203.296    90.0720     0.2168      7.590 1.0000e-12  0.000e+00
     30.072    11.6073    30.0885   3.459893    203.500    90.0988     0.2095      7.590 1.0000e-12  0.000e+00
     30.072    11.6044    30.0902   3.459831    203.722    90.2063     0.2095      7.586 1.0000e-12  0.000e+00
     29.962    11.6028    30.0910   3.459769    203.940    90.2332     0.2168      7.586 1.0000e-12  0.000e+00
     29.962    11.5999    30.0924   3.459683    203.842    90.2332     0.2168      7.590 1.0000e-12  0.000e+00
     29.962    11.5958    30.0944   3.459541    204.066    90.2601     0.2095      7.590 1.0000e-12  0.000e+00
     29.910    11.5914    30.0976   3.459504    204.291    90.2601     0.2168      7.590 1.0000e-12  0.000e+00
     29.851    11.5889    30.0997   3.459504    204.334    90.2332     0.2168      7.590 1.0000e-12  0.000e+00
     29.851    11.5873    30.1001   3.459411    204.379    90.2332     0.2168      7.595 1.0000e-12  0.000e+00
     29.799    11.5845    30.0999   3.459145    204.434    90.2332     0.2095      7.590 1.0000e-12  0.000e+00
     29.799    11.5770    30.1009   3.458620    204.661    90.2332     0.2095      7.590 1.0000e-12  0.000e+00
     29.689    11.5679    30.1037   3.458150    204.714    90.2332     0.2168      7.590 1.0000e-12  0.000e+00
     29.689    11.5618    30.1108   3.458373    204.739    90.2332     0.2168      7.591 1.0000e-12  0.000e+00
     29.689    11.5633    30.1144   3.458873    204.900    90.2332     0.2095      7.590 1.0000e-12  0.000e+00
     29.637    11.5696    30.1123   3.459170    205.049    90.2332     0.2168      7.590 1.0000e-12  0.000e+00
     29.586    11.5755    30.1082   3.459244    205.204    90.2332     0.2168      7.590 1.0000e-12  0.000e+00
     29.586    11.5780    30.1052   3.459139    205.213    90.2332     0.2168      7.595 1.0000e-12  0.000e+00
     29.527    11.5773    30.1040   3.458960    205.218    90.2332     0.2095      7.590 1.0000e-12  0.000e+00
     29.527    11.5763    30.1042   3.458892    205.226    90.2332     0.2095      7.595 1.0000e-12  0.000e+00
     29.475    11.5748    30.1048   3.458836    205.384    90.2332     0.2168      7.590 1.0000e-12  0.000e+00
     29.424    11.5729    30.1051   3.458706    205.383    90.2332     0.2168      7.595 1.0000e-12  0.000e+00
     29.313    11.5705    30.1063   3.458620    205.384    90.2332     0.2095      7.590 1.0000e-12  0.000e+00
     29.475    11.5691    30.1077   3.458651    205.552    90.0988     0.2095      7.595 1.0000e-12  0.000e+00
     29.313    11.5679    30.1086   3.458638    205.386    89.9913     0.2168      7.590 1.0000e-12  0.000e+00
     29.276    11.5676    30.1093   3.458682    205.357    89.9913     0.2168      7.595 1.0000e-12  0.000e+00
     29.313    11.5678    30.1099   3.458768    205.478    89.9913     0.2095      7.595 1.0000e-12  0.000e+00
     29.202    11.5694    30.1100   3.458904    205.592    89.9913     0.2095      7.590 1.0000e-12  0.000e+00
     29.202    11.5706    30.1094   3.458947    205.549    89.9913     0.2241      7.590 1.0000e-12  0.000e+00
     29.151    11.5728    30.1077   3.458947    205.519    89.9913     0.2168      7.595 1.0000e-12  0.000e+00
     29.151    11.5730    30.1066   3.458855    205.486    89.9913     0.2168      7.595 1.0000e-12  0.000e+00
     29.151    11.5718    30.1061   3.458700    205.610    89.9913     0.2168      7.590 1.0000e-12  0.000e+00
     29.040    11.5700    30.1068   3.458620    205.570    89.9913     0.2241      7.590 1.0000e-12  0.000e+00
     29.040    11.5686    30.1098   3.458811    205.368    89.9913     0.2241      7.595 1.0000e-12  0.000e+00
     29.040    11.5718    30.1089   3.458978    205.287    90.0182     0.2168      7.595 1.0000e-12  0.000e+00
     28.989    11.5743    30.1069   3.458984    205.360    90.0182     0.2241      7.590 1.0000e-12  0.000e+00
     28.930    11.5783    30.1069   3.459324    205.442    89.9913     0.2241      7.590 1.0000e-12  0.000e+00
     28.930    11.5844    30.1065   3.459794    205.208    89.9913     0.2241      7.595 1.0000e-12  0.000e+00
     28.878    11.5905    30.1034   3.459979    205.129    90.0182     0.2168      7.595 1.0000e-12  0.000e+00
     28.827    11.5946    30.0994   3.459911    205.214    90.0182     0.2241      7.590 1.0000e-12  0.000e+00
     28.827    11.5973    30.0958   3.459763    205.161    89.9913     0.2241      7.590 1.0000e-12  0.000e+00
     28.827    11.5979    30.0945   3.459676    204.972    89.9913     0.2168      7.595 1.0000e-12  0.000e+00
     28.716    11.5963    30.0950   3.459590    205.090    89.9913     0.2168      7.595 1.0000e-12  0.000e+00
     28.768    11.5936    30.0955   3.459423    205.044    89.9913     0.2168      7.590 1.0000e-12  0.000e+00
     28.664    11.5921    30.0973   3.459472    204.977    89.9913     0.2241      7.595 1.0000e-12  0.000e+00
     28.664    11.5938    30.0978   3.459670    204.921    89.9913     0.2241      7.595 1.0000e-12  0.000e+00
     28.605    11.5958    30.0978   3.459837    204.839    90.0182     0.2168      7.595 1.0000e-12  0.000e+00
     28.605    11.5993    30.0967   3.460016    204.744    89.9913     0.2241      7.595 1.0000e-12  0.000e+00
     28.605    11.6023    30.0948   3.460066    204.838    89.9913     0.2241      7.595 1.0000e-12  0.000e+00
     28.495    11.6036    30.0928   3.459973    204.794    89.9913     0.2168      7.595 1.0000e-12  0.000e+00
     28.495    11.6036    30.0923   3.459917    204.734    89.9913     0.2168      7.595 1.0000e-12  0.000e+00
     28.495    11.6044    30.0929   3.460047    204.675    90.0182     0.2241      7.590 1.0000e-12  0.000e+00
     28.392    11.6088    30.0920   3.460325    204.770    89.9913     0.2241      7.595 1.0000e-12  0.000e+00
     28.392    11.6144    30.0908   3.460665    204.559    90.0182     0.2168      7.595 1.0000e-12  0.000e+00
     28.392    11.6214    30.0884   3.461005    204.307    90.0182     0.2241      7.595 1.0000e-12  0.000e+00
     28.333    11.6283    30.0853   3.461258    204.211    90.0182     0.2315      7.590 1.0000e-12  0.000e+00
     28.281    11.6344    30.0817   3.461401    204.292    89.9913     0.2315      7.595 1.0000e-12  0.000e+00
     28.171    11.6392    30.0790   3.461524    204.222    89.9913     0.2241      7.595 1.0000e-12  0.000e+00
     28.281    11.6432    30.0761   3.461555    204.155    89.9913     0.2241      7.595 1.0000e-12  0.000e+00
     28.230    11.6471    30.0731   3.461573    204.079    89.9913     0.2315      7.595 1.0000e-12  0.000e+00
     28.171    11.6498    30.0711   3.461586    203.853    89.9913     0.2315      7.595 1.0000e-12  0.000e+00
     28.119    11.6512    30.0695   3.461536    203.775    89.9913     0.2241      7.595 1.0000e-12  0.000e+00
     28.119    11.6519    30.0683   3.461474    203.696    89.9913     0.2241      7.595 1.0000e-12  0.000e+00
     28.067    11.6527    30.0675   3.461462    203.788    90.0720     0.2315      7.595 1.0000e-12  0.000e+00
     28.009    11.6526    30.0684   3.461530    203.745    90.1794     0.2315      7.595 1.0000e-12  0.000e+00
     28.009    11.6540    30.0676   3.461573    203.545    90.2063     0.2241      7.595 1.0000e-12  0.000e+00
