site/notebooks/data/aplsurp_cruises_cnvs_2024/20240718_CTD05_p28.cnv
* Sea-Bird SBE 9 Data File:
* FileName = C:\Data\RC0122ctd\20240718_CTD05_p28.hex
* Software Version Seasave V 7.26.7.107
* Temperature SN = 1121
* Conductivity SN = 2881
* Number of Bytes Per Scan = 31
* Number of Voltage Words = 4
* Number of Scans Averaged by the Deck Unit = 1
* NMEA Latitude = 47 42.80 N
* NMEA Longitude = 122 25.16 W
* NMEA UTC (Time) = Jul 18 2024  15:54:00
* NMEA baud rate = 4800
** Ship: R/V Rachel Carson
** Cruise ID: RC0121
** Tech: Jalickee
** Chief Scientist: Boyar
** Station: p28
** Cast:  05
# nquan = 10
# nvalues = 26928                                 
# units = specified
# name 0 = depSM: Depth [salt water, m]
# name 1 = t090C: Temperature [ITS-90, deg C]
# name 2 = sal00: Salinity, Practical [PSU]
# name 3 = c0S/m: Conductivity [S/m]
# name 4 = sbox0Mm/Kg: Oxygen, SBE 43 [umol/kg]
# name 5 = CStarTr0: Beam Transmission, WET Labs C-Star [%]
# name 6 = flECO-AFL: Fluorescence, WET Labs ECO-AFL/FL [mg/m^3]
# name 7 = ph: pH
# name 8 = par: PAR/Irradiance, Biospherical/Licor
# name 9 = flag:  0.000e+00
# span 0 =      0.619,    180.351                 
# span 1 =    11.1966,    16.1026                 
# span 2 =    29.2562,    30.7725                 
# span 3 =   3.442453,   3.755137                 
# span 4 =    186.942,    411.365                 
# span 5 =    61.9648,    93.5652                 
# span 6 =     0.0776,     8.7223                 
# span 7 =      7.539,      8.284                 
# span 8 = 1.0000e-12, 4.0607e+03                 
# span 9 = 0.0000e+00, 0.0000e+00                 
# interval = seconds: 0.0416667
# start_time = Jul 18 2024 15:54:00 [NMEA time, header]
# bad_flag = -9.990e-29
*END*
[from data line 2451]
      6.254    13.7168    29.6897   3.594239    330.784    73.7075     6.2681      7.978 1.3865e+02  0.000e+00
      6.290    13.7168    29.6899   3.594252    330.807    73.6806     6.2754      7.978 1.3904e+02  0.000e+00
      6.202    13.7164    29.6903   3.594264    330.826    73.7075     6.2681      7.978 1.3983e+02  0.000e+00
      6.290    13.7178    29.6894   3.594283    330.857    73.6806     6.2681      7.978 1.4022e+02  0.000e+00
      6.253    13.7176    29.6891   3.594245    330.737    73.7075     6.2681      7.978 1.4022e+02  0.000e+00
      6.239    13.7183    29.6889   3.594277    330.898    73.7075     6.2681      7.978 1.3943e+02  0.000e+00
      6.253    13.7186    29.6884   3.594245    330.920    73.6806     6.5245      7.978 1.3904e+02  0.000e+00
      6.239    13.7183    29.6877   3.594139    330.960    73.7075     6.8395      7.978 1.3865e+02  0.000e+00
      6.253    13.7176    29.6885   3.594176    331.000    73.6806     6.9201      7.978 1.3747e+02  0.000e+00
      6.290    13.7171    29.6885   3.594126    331.055    73.7075     6.9054      7.978 1.3708e+02  0.000e+00
      6.253    13.7156    29.6890   3.594057    331.256    73.6806     6.8908      7.978 1.3670e+02  0.000e+00
      6.239    13.7141    29.6902   3.594063    331.159    73.6806     6.8908      7.978 1.3554e+02  0.000e+00
      6.312    13.7141    29.6907   3.594120    331.341    73.7075     6.8908      7.978 1.3478e+02  0.000e+00
      6.239    13.7146    29.6905   3.594139    331.218    73.6806     6.8908      7.978 1.3478e+02  0.000e+00
      6.253    13.7144    29.6901   3.594082    331.232    73.7075     6.8908      7.978 1.3402e+02  0.000e+00
      6.290    13.7141    29.6905   3.594095    331.247    73.3044     6.8908      7.978 1.3364e+02  0.000e+00
      6.253    13.7141    29.6897   3.594007    331.257    73.0357     6.8908      7.978 1.3364e+02  0.000e+00
      6.290    13.7132    29.6901   3.593976    331.442    72.9820     6.8908      7.978 1.3326e+02  0.000e+00
      6.253    13.7124    29.6903   3.593925    331.481    73.0088     6.8908      7.978 1.3326e+02  0.000e+00
      6.290    13.7117    29.6911   3.593957    331.508    73.0357     6.8908      7.978 1.3326e+02  0.000e+00
      6.253    13.7112    29.6918   3.593994    331.374    73.0088     6.8908      7.978 1.3364e+02  0.000e+00
      6.290    13.7114    29.6935   3.594195    331.532    73.0088     6.8908      7.978 1.3402e+02  0.000e+00
      6.253    13.7139    29.6924   3.594283    331.535    73.0088     6.8908      7.978 1.3440e+02  0.000e+00
      6.290    13.7153    29.6919   3.594346    331.547    73.0088     6.8908      7.983 1.3440e+02  0.000e+00
      6.253    13.7179    29.6910   3.594477    331.856    73.0088     6.8908      7.978 1.3516e+02  0.000e+00
      6.290    13.7193    29.6905   3.594540    331.593    73.0088     6.8908      7.978 1.3554e+02  0.000e+00
      6.312    13.7195    29.6914   3.594647    331.773    73.0088     6.8908      7.978 1.3554e+02  0.000e+00
      6.290    13.7220    29.6910   3.594823    331.641    73.0088     6.8908      7.983 1.3670e+02  0.000e+00
      6.253    13.7259    29.6877   3.594779    331.788    73.0357     6.8908      7.983 1.3670e+02  0.000e+00
      6.290    13.7278    29.6869   3.594860    331.647    73.0088     6.8908      7.978 1.3708e+02  0.000e+00
      6.312    13.7294    29.6861   3.594904    331.636    73.0088     6.8908      7.983 1.3786e+02  0.000e+00
      6.290    13.7301    29.6853   3.594879    331.795    73.0088     6.8908      7.978 1.3825e+02  0.000e+00
      6.312    13.7295    29.6853   3.594822    331.652    73.0088     6.7736      7.978 1.3825e+02  0.000e+00
      6.290    13.7296    29.6855   3.594854    331.642    72.9820     6.3999      7.978 1.3786e+02  0.000e+00
      6.253    13.7293    29.6856   3.594848    331.465    73.0088     6.2608      7.983 1.3825e+02  0.000e+00
      6.312    13.7292    29.6858   3.594860    331.753    73.1163     6.2608      7.978 1.3786e+02  0.000e+00
      6.290    13.7300    29.6849   3.594822    331.594    73.1969     6.2827      7.978 1.3747e+02  0.000e+00
      6.312    13.7301    29.6853   3.594879    331.733    73.2507     6.2827      7.983 1.3670e+02  0.000e+00
      6.290    13.7279    29.6876   3.594948    331.737    73.2238     6.2901      7.978 1.3670e+02  0.000e+00
      6.312    13.7256    29.6905   3.595061    331.560    73.2238     6.2827      7.983 1.3593e+02  0.000e+00
      6.290    13.7248    29.6914   3.595099    331.526    73.2507     6.2901      7.978 1.3478e+02  0.000e+00
      6.312    13.7276    29.6894   3.595117    331.321    73.2238     6.2827      7.978 1.3478e+02  0.000e+00
      6.290    13.7334    29.6863   3.595268    331.263    73.2238     6.2827      7.983 1.3402e+02  0.000e+00
      6.312    13.7403    29.6823   3.595412    331.187    73.2238     6.2827      7.978 1.3326e+02  0.000e+00
      6.290    13.7463    29.6784   3.595494    331.128    73.2238     6.2827      7.983 1.3326e+02  0.000e+00
      6.312    13.7527    29.6738   3.595531    331.224    73.2238     6.2827      7.978 1.3288e+02  0.000e+00
      6.290    13.7571    29.6703   3.595519    331.173    73.2507     6.2827      7.983 1.3251e+02  0.000e+00
      6.312    13.7577    29.6690   3.595437    331.310    73.2238     6.2827      7.983 1.3213e+02  0.000e+00
      6.290    13.7542    29.6702   3.595268    331.170    73.2238     6.2827      7.978 1.3251e+02  0.000e+00
      6.312    13.7478    29.6752   3.595274    331.196    73.2238     6.2827      7.983 1.3288e+02  0.000e+00
      6.290    13.7469    29.6762   3.595312    331.346    73.2238     6.2827      7.978 1.3288e+02  0.000e+00
      6.312    13.7476    29.6760   3.595343    331.194    73.2238     6.2827      7.983 1.3288e+02  0.000e+00
      6.290    13.7476    29.6774   3.595494    331.181    73.2238     6.2827      7.978 1.3402e+02  0.000e+00
      6.253    13.7505    29.6763   3.595619    330.985    73.2238     6.2827      7.978 1.3478e+02  0.000e+00
      6.290    13.7547    29.6746   3.595782    331.095    73.2238     6.2827      7.983 1.3478e+02  0.000e+00
      6.312    13.7562    29.6737   3.595814    331.077    73.1701     6.2827      7.978 1.3593e+02  0.000e+00
      6.290    13.7562    29.6736   3.595807    331.066    73.0626     6.2827      7.983 1.3670e+02  0.000e+00
      6.312    13.7562    29.6738   3.595826    331.210    73.0357     6.2827      7.978 1.3670e+02  0.000e+00
      6.290    13.7557    29.6742   3.595832    331.212    73.0357     6.2608      7.983 1.3747e+02  0.000e+00
      6.312    13.7558    29.6745   3.595876    331.224    73.0357     5.8285      7.983 1.3786e+02  0.000e+00
      6.290    13.7575    29.6738   3.595945    331.367    73.0357     5.5794      7.978 1.3825e+02  0.000e+00
      6.253    13.7584    29.6735   3.595983    331.229    73.0357     5.5428      7.983 1.3825e+02  0.000e+00
      6.290    13.7575    29.6745   3.596014    331.231    73.0357     5.5721      7.978 1.3904e+02  0.000e+00
      6.312    13.7590    29.6736   3.596046    331.064    73.0357     5.5721      7.983 1.3904e+02  0.000e+00
      6.290    13.7599    29.6737   3.596127    331.040    73.0357     5.5794      7.978 1.3904e+02  0.000e+00
      6.253    13.7584    29.6758   3.596228    331.026    73.0357     5.5794      7.983 1.3904e+02  0.000e+00
      6.290    13.7567    29.6782   3.596347    331.183    73.0357     5.5794      7.983 1.3904e+02  0.000e+00
      6.312    13.7562    29.6791   3.596404    331.037    73.0357     5.5794      7.978 1.3904e+02  0.000e+00
      6.238    13.7562    29.6794   3.596435    331.182    73.0357     5.5721      7.983 1.3865e+02  0.000e+00
      6.312    13.7565    29.6791   3.596441    331.331    73.0357     5.5794      7.978 1.3825e+02  0.000e+00
      6.289    13.7564    29.6793   3.596441    331.194    73.0357     5.5721      7.983 1.3825e+02  0.000e+00
      6.253    13.7571    29.6792   3.596491    331.192    73.0357     5.5794      7.978 1.3708e+02  0.000e+00
      6.289    13.7587    29.6778   3.596479    331.190    73.0357     5.5794      7.983 1.3670e+02  0.000e+00
      6.253    13.7586    29.6781   3.596498    331.373    73.0357     5.5721      7.983 1.3631e+02  0.000e+00
      6.289    13.7567    29.6797   3.596510    331.399    73.0357     5.5794      7.978 1.3516e+02  0.000e+00
      6.253    13.7567    29.6796   3.596504    331.271    72.9551     5.5721      7.983 1.3478e+02  0.000e+00
      6.289    13.7577    29.6791   3.596529    331.424    72.5252     5.5794      7.978 1.3478e+02  0.000e+00
      6.253    13.7584    29.6781   3.596485    331.447    72.3908     5.5721      7.983 1.3402e+02  0.000e+00
      6.238    13.7606    29.6759   3.596429    331.604    72.3639     5.5794      7.983 1.3364e+02  0.000e+00
      6.311    13.7608    29.6751   3.596360    331.478    72.3639     5.5794      7.978 1.3402e+02  0.000e+00
      6.238    13.7606    29.6750   3.596322    331.500    72.3908     5.5794      7.983 1.3402e+02  0.000e+00
      6.311    13.7621    29.6743   3.596385    331.659    72.3908     5.5794      7.978 1.3478e+02  0.000e+00
      6.238    13.7629    29.6748   3.596504    331.670    72.3908     5.5721      7.983 1.3478e+02  0.000e+00
      6.252    13.7633    29.6750   3.596560    331.829    72.3908     5.5794      7.978 1.3554e+02  0.000e+00
      6.289    13.7635    29.6760   3.596686    331.870    72.3908     5.5794      7.978 1.3670e+02  0.000e+00
      6.252    13.7638    29.6771   3.596824    331.737    72.3908     5.7040      7.983 1.3670e+02  0.000e+00
      6.238    13.7638    29.6774   3.596855    331.763    72.3908     5.8505      7.978 1.3747e+02  0.000e+00
      6.311    13.7624    29.6777   3.596786    331.801    72.3908     5.8798      7.983 1.3786e+02  0.000e+00
      6.238    13.7591    29.6797   3.596711    332.137    72.4177     5.8725      7.978 1.3825e+02  0.000e+00
      6.252    13.7574    29.6806   3.596673    332.181    72.3908     5.8652      7.978 1.3825e+02  0.000e+00
      6.289    13.7571    29.6810   3.596686    332.203    72.3908     5.8652      7.983 1.3825e+02  0.000e+00
      6.252    13.7572    29.6803   3.596623    332.217    72.3908     5.8652      7.978 1.3865e+02  0.000e+00
      6.201    13.7562    29.6804   3.596548    332.079    72.3908     5.8652      7.983 1.3825e+02  0.000e+00
      6.289    13.7548    29.6813   3.596535    332.241    72.3908     5.8652      7.978 1.3708e+02  0.000e+00
      6.252    13.7535    29.6824   3.596542    332.266    72.3908     5.8652      7.983 1.3708e+02  0.000e+00
      6.127    13.7531    29.6833   3.596604    332.433    72.4177     5.8652      7.983 1.3670e+02  0.000e+00
      6.414    13.7520    29.6833   3.596517    332.493    72.6864     5.8652      7.978 1.3593e+02  0.000e+00
      6.237    13.7511    29.6849   3.596611    332.511    72.8476     5.8652      7.983 1.3516e+02  0.000e+00
      6.252    13.7513    29.6850   3.596642    332.531    72.8476     5.8652      7.978 1.3554e+02  0.000e+00
      6.237    13.7523    29.6842   3.596629    332.402    72.8476     5.8652      7.983 1.3440e+02  0.000e+00
      6.252    13.7527    29.6835   3.596586    332.559    72.8207     5.8652      7.978 1.3402e+02  0.000e+00
      6.237    13.7532    29.6827   3.596542    332.569    72.8207     5.8652      7.983 1.3402e+02  0.000e+00
      6.311    13.7541    29.6817   3.596517    332.718    72.8476     5.8652      7.983 1.3326e+02  0.000e+00
      6.237    13.7548    29.6815   3.596548    332.573    72.8207     5.8652      7.978 1.3326e+02  0.000e+00
      6.252    13.7547    29.6820   3.596592    332.730    72.8476     5.8652      7.983 1.3288e+02  0.000e+00
      6.237    13.7555    29.6812   3.596579    332.891    72.8207     5.8652      7.978 1.3251e+02  0.000e+00
      6.252    13.7555    29.6807   3.596516    332.925    72.8476     5.8652      7.983 1.3213e+02  0.000e+00
      6.237    13.7552    29.6808   3.596504    333.110    72.8476     5.8652      7.978 1.3213e+02  0.000e+00
      6.252    13.7559    29.6803   3.596504    332.989    72.8207     5.8652      7.983 1.3251e+02  0.000e+00
      6.237    13.7572    29.6786   3.596435    333.017    72.8476     5.8652      7.983 1.3288e+02  0.000e+00
      6.252    13.7560    29.6784   3.596309    333.199    72.8207     5.8652      7.978 1.3288e+02  0.000e+00
      6.237    13.7530    29.6798   3.596209    333.087    72.8207     6.0483      7.983 1.3288e+02  0.000e+00
      6.252    13.7510    29.6803   3.596090    333.251    72.8476     6.5684      7.983 1.3326e+02  0.000e+00
      6.289    13.7500    29.6800   3.595983    333.265    72.8207     6.7516      7.983 1.3364e+02  0.000e+00
      6.200    13.7484    29.6804   3.595889    333.425    72.8476     6.7516      7.983 1.3364e+02  0.000e+00
      6.289    13.7468    29.6823   3.595958    333.456    72.8207     6.7296      7.983 1.3478e+02  0.000e+00
      6.252    13.7457    29.6832   3.595971    333.461    72.7670     6.7223      7.983 1.3478e+02  0.000e+00
      6.237    13.7438    29.6850   3.596002    333.480    72.7132     6.7223      7.983 1.3516e+02  0.000e+00
      6.252    13.7432    29.6856   3.596021    333.347    72.6864     6.7223      7.983 1.3593e+02  0.000e+00
      6.237    13.7432    29.6861   3.596071    333.489    72.7132     6.7223      7.983 1.3593e+02  0.000e+00
      6.252    13.7437    29.6859   3.596090    333.638    72.7132     6.7223      7.983 1.3631e+02  0.000e+00
      6.237    13.7444    29.6860   3.596165    333.636    72.7132     6.7223      7.983 1.3670e+02  0.000e+00
      6.252    13.7452    29.6864   3.596278    333.643    72.7132     6.7223      7.978 1.3708e+02  0.000e+00
      6.237    13.7473    29.6854   3.596341    333.793    72.7132     6.7223      7.983 1.3708e+02  0.000e+00
      6.252    13.7486    29.6842   3.596316    333.634    72.7132     6.7223      7.983 1.3708e+02  0.000e+00
      6.289    13.7505    29.6826   3.596309    333.623    72.6864     6.7223      7.983 1.3747e+02  0.000e+00
      6.252    13.7518    29.6811   3.596259    333.607    72.7132     6.7223      7.983 1.3747e+02  0.000e+00
      6.237    13.7519    29.6809   3.596247    333.762    72.7132     6.7223      7.983 1.3747e+02  0.000e+00
      6.252    13.7513    29.6818   3.596291    333.450    72.7132     6.7223      7.983 1.3747e+02  0.000e+00
      6.237    13.7503    29.6828   3.596309    333.575    72.7132     6.7223      7.983 1.3708e+02  0.000e+00
      6.252    13.7501    29.6837   3.596391    333.716    72.7132     6.7223      7.983 1.3747e+02  0.000e+00
      6.289    13.7508    29.6842   3.596504    333.707    72.6864     6.7223      7.983 1.3786e+02  0.000e+00
      6.252    13.7518    29.6844   3.596611    333.700    72.7132     6.7223      7.983 1.3747e+02  0.000e+00
      6.237    13.7523    29.6844   3.596655    333.695    72.7132     6.7223      7.983 1.3825e+02  0.000e+00
      6.252    13.7530    29.6846   3.596736    333.672    72.7132     6.7223      7.983 1.3825e+02  0.000e+00
      6.289    13.7540    29.6841   3.596761    333.645    72.6864     6.7223      7.983 1.3825e+02  0.000e+00
      6.252    13.7554    29.6832   3.596786    333.453    72.8745     6.7223      7.983 1.3825e+02  0.000e+00
      6.237    13.7569    29.6821   3.596793    333.581    73.0894     6.6783      7.983 1.3865e+02  0.000e+00
      6.311    13.7572    29.6817   3.596774    333.573    73.1432     6.0410      7.983 1.3865e+02  0.000e+00
      6.237    13.7572    29.6820   3.596805    333.556    73.1432     5.6820      7.983 1.3825e+02  0.000e+00
      6.252    13.7567    29.6821   3.596780    333.697    73.1163     5.6527      7.983 1.3825e+02  0.000e+00
      6.288    13.7569    29.6819   3.596768    333.677    73.1163     5.6747      7.983 1.3865e+02  0.000e+00
      6.252    13.7569    29.6821   3.596786    333.816    73.1163     5.6893      7.983 1.3825e+02  0.000e+00
