site/notebooks/data/aplsurp_cruises_cnvs_2024/20240717_CTD03_p28.cnv
* Sea-Bird SBE 9 Data File:
* FileName = C:\Data\RC0122ctd\20240716_CTD03_p28.hex
* Software Version Seasave V 7.26.7.107
* Temperature SN = 1121
* Conductivity SN = 2881
* Number of Bytes Per Scan = 31
* Number of Voltage Words = 4
* Number of Scans Averaged by the Deck Unit = 1
* NMEA Latitude = 47 42.77 N
* NMEA Longitude = 122 25.28 W
* NMEA UTC (Time) = Jul 17 2024  15:45:51
* NMEA baud rate = 4800
** Ship: R/V Rachel Carson
** Cruise ID: RC0121
** Tech: Jalickee
** Chief Scientist: Boyar
** Station: p28
** Cast:  03
# nquan = 10
# nvalues = 31280                                 
# units = specified
# name 0 = depSM: Depth [salt water, m]
# name 1 = t090C: Temperature [ITS-90, deg C]
# name 2 = sal00: Salinity, Practical [PSU]
# name 3 = c0S/m: Conductivity [S/m]
# name 4 = sbox0Mm/Kg: Oxygen, SBE 43 [umol/kg]
# name 5 = CStarTr0: Beam Transmission, WET Labs C-Star [%]
# name 6 = flECO-AFL: Fluorescence, WET Labs ECO-AFL/FL [mg/m^3]
# name 7 = ph: pH
# name 8 = par: PAR/Irradiance, Biospherical/Licor
# name 9 = flag:  0.000e+00
# span 0 =      0.431,    186.510                 
# span 1 =    11.1559,    16.2313                 
# span 2 =    28.9798,    30.6443                 
# span 3 =   3.437885,   3.738677                 
# span 4 =    186.814,    413.095                 
# span 5 =    67.7421,    93.1084                 
# span 6 =     0.0849,     6.5684                 
# span 7 =      7.567,      8.228                 
# span 8 = 1.0000e-12, 1.2150e+03                 
# span 9 = 0.0000e+00, 0.0000e+00                 
# interval = seconds: 0.0416667
# start_time = Jul 17 2024 15:45:51 [NMEA time, header]
# bad_flag = -9.990e-29
*END*
[from data line 28253]
     10.198    12.6498    29.8098   3.517458    273.093    88.3253     1.9897      7.835 1.4367e+01  0.000e+00
     10.161    12.6482    29.8105   3.517383    273.386    88.3253     1.9897      7.835 1.4367e+01  0.000e+00
     10.198    12.6475    29.8136   3.517657    273.657    88.3253     1.9897      7.835 1.4324e+01  0.000e+00
     10.147    12.6492    29.8149   3.517943    273.913    88.3253     1.9824      7.839 1.4282e+01  0.000e+00
     10.161    12.6513    29.8138   3.518005    274.331    88.3522     1.9824      7.839 1.4282e+01  0.000e+00
     10.147    12.6518    29.8136   3.518030    274.608    88.3522     1.9824      7.839 1.4282e+01  0.000e+00
     10.161    12.6525    29.8143   3.518155    275.042    88.3522     1.9897      7.839 1.4239e+01  0.000e+00
     10.198    12.6540    29.8151   3.518366    275.309    88.3522     1.9897      7.839 1.4196e+01  0.000e+00
     10.147    12.6564    29.8143   3.518484    275.712    88.3522     1.9897      7.839 1.4196e+01  0.000e+00
     10.220    12.6591    29.8140   3.518677    275.968    88.3253     1.9897      7.839 1.4196e+01  0.000e+00
     10.198    12.6624    29.8147   3.519038    276.211    88.4060     1.9897      7.839 1.4196e+01  0.000e+00
     10.220    12.6656    29.8165   3.519499    276.449    88.8896     1.9897      7.839 1.4154e+01  0.000e+00
     10.198    12.6705    29.8185   3.520115    276.672    89.1583     1.9824      7.839 1.4154e+01  0.000e+00
     10.147    12.6767    29.8222   3.521029    276.704    89.1852     1.9824      7.839 1.4112e+01  0.000e+00
     10.220    12.6844    29.8263   3.522119    277.017    89.1583     1.9824      7.839 1.4112e+01  0.000e+00
     10.250    12.6968    29.8271   3.523239    276.982    89.1583     1.9897      7.839 1.4070e+01  0.000e+00
     10.220    12.7089    29.8215   3.523668    277.099    89.1583     1.9897      7.839 1.4028e+01  0.000e+00
     10.198    12.7165    29.8143   3.523538    277.214    89.1315     1.9897      7.839 1.4028e+01  0.000e+00
     10.250    12.7210    29.8083   3.523282    277.342    89.1315     1.9897      7.839 1.4028e+01  0.000e+00
     10.220    12.7231    29.8055   3.523158    277.469    89.1315     1.9897      7.839 1.3986e+01  0.000e+00
     10.198    12.7254    29.8034   3.523127    277.588    89.1315     1.9824      7.844 1.3986e+01  0.000e+00
     10.220    12.7264    29.8029   3.523158    277.707    89.1583     1.9824      7.844 1.3944e+01  0.000e+00
     10.250    12.7282    29.8023   3.523251    277.656    89.1583     2.0043      7.844 1.3902e+01  0.000e+00
     10.250    12.7299    29.8018   3.523338    277.586    89.1583     2.0410      7.844 1.3902e+01  0.000e+00
     10.220    12.7328    29.7995   3.523332    277.636    89.1583     2.0483      7.839 1.3902e+01  0.000e+00
     10.250    12.7339    29.7984   3.523313    277.692    89.1315     2.0483      7.839 1.3902e+01  0.000e+00
     10.272    12.7345    29.7968   3.523183    277.746    89.1315     2.0483      7.839 1.3902e+01  0.000e+00
     10.198    12.7338    29.7963   3.523077    277.810    89.1315     2.0483      7.844 1.3861e+01  0.000e+00
     10.250    12.7336    29.7964   3.523071    277.711    89.1583     2.0410      7.844 1.3819e+01  0.000e+00
     10.272    12.7333    29.7963   3.523039    277.594    89.1583     2.0410      7.844 1.3819e+01  0.000e+00
     10.250    12.7329    29.7933   3.522685    277.622    89.1583     2.0410      7.844 1.3778e+01  0.000e+00
     10.272    12.7328    29.7885   3.522155    277.824    88.8896     2.0410      7.844 1.3778e+01  0.000e+00
     10.250    12.7338    29.7880   3.522193    277.873    88.7015     2.0483      7.839 1.3778e+01  0.000e+00
     10.250    12.7346    29.7923   3.522716    277.752    88.6478     2.0483      7.839 1.3778e+01  0.000e+00
     10.221    12.7385    29.7932   3.523139    277.603    88.6478     2.0483      7.839 1.3778e+01  0.000e+00
     10.250    12.7420    29.7932   3.523438    277.443    88.6747     2.0483      7.839 1.3737e+01  0.000e+00
     10.272    12.7448    29.7943   3.523793    277.270    88.6747     2.0483      7.844 1.3737e+01  0.000e+00
     10.309    12.7504    29.7939   3.524222    277.227    88.7015     2.0410      7.844 1.3737e+01  0.000e+00
     10.250    12.7539    29.7924   3.524353    277.209    88.6747     2.0410      7.844 1.3737e+01  0.000e+00
     10.272    12.7541    29.7932   3.524452    277.223    88.6747     2.0410      7.844 1.3737e+01  0.000e+00
     10.250    12.7561    29.7937   3.524677    277.081    88.6747     2.0410      7.844 1.3737e+01  0.000e+00
     10.221    12.7630    29.7909   3.524950    277.220    88.7015     2.0483      7.839 1.3737e+01  0.000e+00
     10.309    12.7671    29.7913   3.525355    277.229    88.6747     2.0483      7.844 1.3737e+01  0.000e+00
     10.250    12.7701    29.7912   3.525579    277.098    88.6747     2.0483      7.844 1.3778e+01  0.000e+00
     10.272    12.7725    29.7878   3.525430    276.809    88.6747     2.0483      7.844 1.3778e+01  0.000e+00
     10.250    12.7725    29.7853   3.525156    276.679    88.6747     2.0410      7.844 1.3778e+01  0.000e+00
     10.272    12.7727    29.7825   3.524876    276.699    88.6747     2.0410      7.844 1.3778e+01  0.000e+00
     10.250    12.7707    29.7814   3.524583    276.587    88.6747     2.0410      7.844 1.3778e+01  0.000e+00
     10.250    12.7661    29.7832   3.524403    276.650    88.6747     2.0117      7.844 1.3778e+01  0.000e+00
     10.272    12.7618    29.7845   3.524172    276.719    88.6747     1.8505      7.844 1.3778e+01  0.000e+00
     10.250    12.7582    29.7844   3.523867    276.631    88.6747     1.7846      7.844 1.3778e+01  0.000e+00
     10.162    12.7502    29.7886   3.523631    276.552    88.4060     1.7772      7.844 1.3778e+01  0.000e+00
     10.309    12.7422    29.7952   3.523662    276.470    88.0566     1.7846      7.844 1.3819e+01  0.000e+00
     10.250    12.7393    29.7983   3.523749    276.523    87.9760     1.7919      7.844 1.3819e+01  0.000e+00
     10.221    12.7380    29.7967   3.523469    276.426    87.9760     1.7919      7.849 1.3861e+01  0.000e+00
     10.250    12.7360    29.7939   3.523002    276.505    88.0029     1.7846      7.844 1.3861e+01  0.000e+00
     10.250    12.7294    29.7947   3.522541    276.454    88.0298     1.7846      7.844 1.3861e+01  0.000e+00
     10.221    12.7206    29.7958   3.521919    276.583    88.0298     1.7846      7.849 1.3902e+01  0.000e+00
     10.250    12.7144    29.7984   3.521664    276.707    88.0029     1.7846      7.844 1.3861e+01  0.000e+00
     10.221    12.7131    29.8028   3.522031    276.806    88.0298     1.7846      7.844 1.3902e+01  0.000e+00
     10.199    12.7155    29.8087   3.522859    276.731    88.0029     1.7919      7.844 1.3902e+01  0.000e+00
     10.250    12.7206    29.8162   3.524092    276.637    88.0029     1.7919      7.844 1.3902e+01  0.000e+00
     10.221    12.7318    29.8210   3.525542    276.652    88.0029     1.7919      7.844 1.3944e+01  0.000e+00
     10.199    12.7455    29.8206   3.526645    276.528    88.0029     1.7919      7.844 1.3944e+01  0.000e+00
     10.221    12.7604    29.8155   3.527361    276.392    88.0029     1.7919      7.844 1.3944e+01  0.000e+00
     10.199    12.7724    29.8097   3.527753    276.430    88.0298     1.7846      7.849 1.3986e+01  0.000e+00
     10.199    12.7816    29.8040   3.527909    276.340    88.0298     1.7846      7.849 1.3986e+01  0.000e+00
     10.162    12.7879    29.7991   3.527927    276.420    88.0298     1.7846      7.849 1.3986e+01  0.000e+00
     10.199    12.7933    29.7949   3.527927    276.361    88.0298     1.7846      7.848 1.3986e+01  0.000e+00
     10.221    12.7967    29.7936   3.528077    276.466    88.0298     1.7846      7.848 1.3986e+01  0.000e+00
     10.199    12.7999    29.7926   3.528238    276.583    88.0298     1.7919      7.844 1.4028e+01  0.000e+00
     10.147    12.8037    29.7910   3.528388    276.536    88.0566     1.7919      7.844 1.4028e+01  0.000e+00
     10.221    12.8069    29.7891   3.528456    276.484    88.2179     1.7846      7.844 1.4070e+01  0.000e+00
     10.147    12.8087    29.7884   3.528531    276.432    88.2716     1.7919      7.844 1.4070e+01  0.000e+00
     10.162    12.8103    29.7878   3.528600    276.384    88.2716     1.7846      7.848 1.4070e+01  0.000e+00
     10.199    12.8106    29.7887   3.528718    276.342    88.2716     1.8139      7.848 1.4112e+01  0.000e+00
     10.147    12.8121    29.7880   3.528774    276.453    88.2716     1.8432      7.848 1.4070e+01  0.000e+00
     10.162    12.8121    29.7878   3.528755    276.574    88.2716     1.8432      7.848 1.4112e+01  0.000e+00
     10.147    12.8118    29.7879   3.528730    276.696    88.2716     1.8505      7.844 1.4112e+01  0.000e+00
     10.162    12.8107    29.7890   3.528762    276.834    88.2447     1.8432      7.844 1.4154e+01  0.000e+00
     10.199    12.8106    29.7888   3.528730    276.840    88.2447     1.8432      7.848 1.4154e+01  0.000e+00
     10.147    12.8109    29.7876   3.528625    276.843    88.2447     1.8432      7.848 1.4154e+01  0.000e+00
     10.162    12.8116    29.7867   3.528587    276.833    88.2716     1.8358      7.848 1.4196e+01  0.000e+00
     10.147    12.8124    29.7851   3.528494    276.811    88.2716     1.8432      7.848 1.4196e+01  0.000e+00
     10.110    12.8138    29.7834   3.528419    277.088    88.2716     1.8432      7.848 1.4196e+01  0.000e+00
     10.199    12.8144    29.7808   3.528207    277.073    88.2716     1.8432      7.848 1.4196e+01  0.000e+00
     10.147    12.8146    29.7791   3.528026    277.214    88.2716     1.8432      7.848 1.4196e+01  0.000e+00
     10.110    12.8133    29.7798   3.527989    277.373    88.2716     1.8505      7.844 1.4239e+01  0.000e+00
     10.147    12.8135    29.7794   3.527964    277.383    88.2447     1.8432      7.848 1.4239e+01  0.000e+00
     10.162    12.8128    29.7800   3.527977    277.541    88.2447     1.8432      7.848 1.4282e+01  0.000e+00
     10.147    12.8111    29.7824   3.528089    277.571    88.2447     1.8432      7.848 1.4282e+01  0.000e+00
     10.147    12.8101    29.7837   3.528139    277.760    88.0835     1.8432      7.848 1.4282e+01  0.000e+00
     10.162    12.8086    29.7865   3.528313    277.633    87.3848     1.8432      7.848 1.4282e+01  0.000e+00
     10.147    12.8094    29.7868   3.528419    277.615    87.0893     1.8432      7.848 1.4282e+01  0.000e+00
     10.111    12.8106    29.7856   3.528382    277.743    87.0893     1.8432      7.848 1.4239e+01  0.000e+00
     10.199    12.8138    29.7844   3.528531    277.878    87.1161     1.8432      7.848 1.4239e+01  0.000e+00
     10.088    12.8163    29.7839   3.528687    278.009    87.1161     1.8432      7.848 1.4282e+01  0.000e+00
     10.162    12.8169    29.7830   3.528643    278.015    87.0893     1.8432      7.848 1.4282e+01  0.000e+00
     10.147    12.8172    29.7817   3.528525    278.022    87.1161     1.8432      7.848 1.4282e+01  0.000e+00
     10.162    12.8181    29.7804   3.528469    278.171    87.1161     1.8432      7.848 1.4282e+01  0.000e+00
     10.147    12.8173    29.7797   3.528325    278.013    87.1161     1.8432      7.853 1.4282e+01  0.000e+00
     10.147    12.8164    29.7799   3.528276    278.144    87.1161     1.9750      7.848 1.4239e+01  0.000e+00
     10.162    12.8180    29.7789   3.528294    278.279    87.1161     2.1802      7.848 1.4239e+01  0.000e+00
     10.199    12.8185    29.7777   3.528213    278.421    87.1161     2.2461      7.848 1.4196e+01  0.000e+00
     10.111    12.8178    29.7771   3.528082    278.421    87.1161     2.2388      7.848 1.4196e+01  0.000e+00
     10.199    12.8176    29.7762   3.527977    278.412    87.1161     2.2315      7.848 1.4196e+01  0.000e+00
     10.148    12.8173    29.7768   3.528008    278.555    87.0893     2.2315      7.848 1.4196e+01  0.000e+00
     10.162    12.8193    29.7761   3.528114    278.545    87.0893     2.2315      7.848 1.4239e+01  0.000e+00
     10.148    12.8172    29.7770   3.528026    278.558    87.1161     2.2315      7.848 1.4196e+01  0.000e+00
     10.162    12.8138    29.7778   3.527827    278.726    87.1161     2.2315      7.853 1.4196e+01  0.000e+00
     10.199    12.8084    29.7795   3.527553    278.906    87.1430     2.2241      7.848 1.4154e+01  0.000e+00
     10.148    12.8034    29.7812   3.527317    278.937    87.1430     2.2241      7.848 1.4154e+01  0.000e+00
     10.221    12.7992    29.7847   3.527335    279.110    87.3580     2.2241      7.848 1.4112e+01  0.000e+00
     10.148    12.7988    29.7885   3.527715    279.254    87.4655     2.2241      7.848 1.4112e+01  0.000e+00
     10.221    12.8015    29.7907   3.528170    279.562    87.4923     2.2241      7.848 1.4112e+01  0.000e+00
     10.148    12.8042    29.7902   3.528344    279.724    87.4655     2.2315      7.848 1.4112e+01  0.000e+00
     10.199    12.8074    29.7881   3.528388    279.745    87.4386     2.2315      7.848 1.4112e+01  0.000e+00
     10.221    12.8081    29.7881   3.528444    279.762    87.4655     2.2315      7.848 1.4070e+01  0.000e+00
     10.199    12.8074    29.7897   3.528562    279.783    87.4655     2.2315      7.853 1.4070e+01  0.000e+00
     10.221    12.8074    29.7913   3.528730    279.960    87.4655     2.2241      7.848 1.4028e+01  0.000e+00
     10.199    12.8082    29.7924   3.528917    280.131    87.4655     2.2241      7.853 1.3986e+01  0.000e+00
     10.199    12.8104    29.7921   3.529067    280.297    87.4923     2.2241      7.853 1.3986e+01  0.000e+00
     10.221    12.8123    29.7915   3.529166    280.307    87.4655     2.2241      7.848 1.3986e+01  0.000e+00
     10.199    12.8143    29.7908   3.529260    280.458    87.4923     2.2315      7.848 1.3944e+01  0.000e+00
     10.221    12.8169    29.7893   3.529316    280.449    87.4655     2.2315      7.848 1.3944e+01  0.000e+00
     10.251    12.8183    29.7886   3.529366    280.603    87.4655     2.2315      7.848 1.3944e+01  0.000e+00
     10.199    12.8195    29.7885   3.529447    280.608    87.4655     2.2315      7.848 1.3944e+01  0.000e+00
     10.221    12.8193    29.7895   3.529546    280.622    87.4655     2.2827      7.848 1.3944e+01  0.000e+00
     10.251    12.8194    29.7898   3.529590    280.793    87.4655     2.5025      7.853 1.3902e+01  0.000e+00
     10.221    12.8200    29.7896   3.529615    280.802    87.4655     2.6051      7.853 1.3902e+01  0.000e+00
     10.251    12.8208    29.7893   3.529652    281.114    87.4655     2.6051      7.848 1.3861e+01  0.000e+00
     10.251    12.8217    29.7886   3.529646    281.121    87.4655     2.5978      7.848 1.3861e+01  0.000e+00
     10.222    12.8221    29.7890   3.529727    281.270    87.5192     2.5978      7.848 1.3819e+01  0.000e+00
     10.251    12.8224    29.7893   3.529777    281.291    87.5192     2.5978      7.848 1.3819e+01  0.000e+00
     10.251    12.8228    29.7897   3.529864    281.452    87.5461     2.5978      7.848 1.3819e+01  0.000e+00
     10.273    12.8235    29.7898   3.529933    281.468    87.5461     2.5978      7.848 1.3819e+01  0.000e+00
     10.251    12.8241    29.7893   3.529920    281.641    87.5461     2.5978      7.853 1.3778e+01  0.000e+00
     10.273    12.8232    29.7884   3.529746    281.509    87.5461     2.5904      7.853 1.3778e+01  0.000e+00
     10.251    12.8224    29.7884   3.529677    281.675    87.5461     2.5904      7.848 1.3778e+01  0.000e+00
     10.251    12.8203    29.7887   3.529546    281.848    87.5461     2.5978      7.848 1.3737e+01  0.000e+00
     10.273    12.8168    29.7898   3.529360    282.043    87.5461     2.5978      7.848 1.3737e+01  0.000e+00
     10.251    12.8156    29.7908   3.529372    282.207    87.5729     2.5978      7.848 1.3737e+01  0.000e+00
     10.273    12.8165    29.7895   3.529310    282.204    87.5461     2.5978      7.848 1.3696e+01  0.000e+00
