site/notebooks/data/aplsurp_cruises_cnvs_2024/20240716_CTD01_p28.cnv
* Sea-Bird SBE 9 Data File:
* FileName = C:\Data\RC0122ctd\20240716_CTD01_p28.hex
* Software Version Seasave V 7.26.7.107
* Temperature SN = 1121
* Conductivity SN = 2881
* Number of Bytes Per Scan = 31
* Number of Voltage Words = 4
* Number of Scans Averaged by the Deck Unit = 1
* NMEA Latitude = 47 42.09 N
* NMEA Longitude = 122 27.18 W
* NMEA UTC (Time) = Jul 16 2024  16:05:55
* NMEA baud rate = 4800
** Ship: R/V Rachel Carson
** Cruise ID: RC0121
** Tech: Jalickee
** Chief Scientist: Boyar
** Station: p28
** Cast:  01
# nquan = 10
# nvalues = 35041                                 
# units = specified
# name 0 = depSM: Depth [salt water, m]
# name 1 = t090C: Temperature [ITS-90, deg C]
# name 2 = sal00: Salinity, Practical [PSU]
# name 3 = c0S/m: Conductivity [S/m]
# name 4 = sbox0Mm/Kg: Oxygen, SBE 43 [umol/kg]
# name 5 = CStarTr0: Beam Transmission, WET Labs C-Star [%]
# name 6 = flECO-AFL: Fluorescence, WET Labs ECO-AFL/FL [mg/m^3]
# name 7 = ph: pH
# name 8 = par: PAR/Irradiance, Biospherical/Licor
# name 9 = flag:  0.000e+00
# span 0 =      0.125,    186.089                 
# span 1 =    11.1401,    16.9285                 
# span 2 =    26.2749,    30.5865                 
# span 3 =   3.393952,   3.793179                 
# span 4 =    189.641,    447.382                 
# span 5 =    61.8573,    93.0546                 
# span 6 =     0.0849,     9.6673                 
# span 7 =      7.605,      8.370                 
# span 8 = 1.0000e-12, 3.7322e+03                 
# span 9 = 0.0000e+00, 0.0000e+00                 
# interval = seconds: 0.0416667
# start_time = Jul 16 2024 16:05:55 [NMEA time, header]
# bad_flag = -9.990e-29
*END*
[from data line 20037]
    185.815    11.3271    30.5848   3.493828    198.488    82.9243     0.3267      7.643 1.0000e-12  0.000e+00
    185.830    11.3275    30.5844   3.493809    198.662    82.8168     0.3340      7.639 1.0000e-12  0.000e+00
    185.815    11.3276    30.5847   3.493852    198.514    82.8168     0.3267      7.643 1.0000e-12  0.000e+00
    185.830    11.3278    30.5844   3.493846    198.520    82.8168     0.3340      7.639 1.0000e-12  0.000e+00
    185.815    11.3275    30.5845   3.493828    198.359    82.8168     0.3267      7.643 1.0000e-12  0.000e+00
    185.830    11.3276    30.5845   3.493834    198.333    82.8168     0.3120      7.643 1.0000e-12  0.000e+00
    185.867    11.3271    30.5849   3.493840    198.326    82.8168     0.3120      7.639 1.0000e-12  0.000e+00
    185.830    11.3275    30.5848   3.493859    198.668    82.8168     0.3047      7.639 1.0000e-12  0.000e+00
    185.756    11.3276    30.5844   3.493821    198.521    82.8168     0.3120      7.639 1.0000e-12  0.000e+00
    185.867    11.3276    30.5843   3.493821    198.531    82.8436     0.3047      7.643 1.0000e-12  0.000e+00
    185.830    11.3273    30.5843   3.493790    198.707    82.8168     0.3047      7.639 1.0000e-12  0.000e+00
    185.815    11.3275    30.5841   3.493778    198.577    82.8168     0.3047      7.643 1.0000e-12  0.000e+00
    185.830    11.3271    30.5839   3.493728    198.586    82.8436     0.3120      7.639 1.0000e-12  0.000e+00
    185.815    11.3271    30.5839   3.493728    198.761    82.8168     0.3120      7.643 1.0000e-12  0.000e+00
    185.830    11.3275    30.5837   3.493741    198.783    82.8168     0.3047      7.639 1.0000e-12  0.000e+00
    185.815    11.3266    30.5844   3.493747    198.790    82.8168     0.3120      7.643 1.0000e-12  0.000e+00
    185.830    11.3271    30.5838   3.493722    198.810    82.8436     0.3047      7.643 1.0000e-12  0.000e+00
    185.815    11.3271    30.5841   3.493753    198.661    82.8168     0.3120      7.639 1.0000e-12  0.000e+00
    185.815    11.3268    30.5843   3.493747    198.682    82.8436     0.3047      7.643 1.0000e-12  0.000e+00
    185.830    11.3268    30.5843   3.493747    198.687    82.8168     0.3120      7.639 1.0000e-12  0.000e+00
    185.815    11.3275    30.5838   3.493747    198.706    82.8436     0.3047      7.643 1.0000e-12  0.000e+00
    185.830    11.3269    30.5842   3.493747    198.697    82.8705     0.3120      7.639 1.0000e-12  0.000e+00
    185.815    11.3271    30.5842   3.493759    198.700    82.8705     0.3047      7.643 1.0000e-12  0.000e+00
    185.830    11.3276    30.5834   3.493728    198.872    82.8974     0.3047      7.639 1.0000e-12  0.000e+00
    185.815    11.3271    30.5837   3.493716    198.877    82.8705     0.3120      7.639 1.0000e-12  0.000e+00
    185.830    11.3271    30.5837   3.493716    198.879    82.8974     0.3047      7.639 1.0000e-12  0.000e+00
    185.815    11.3269    30.5842   3.493753    198.695    82.8705     0.3120      7.639 1.0000e-12  0.000e+00
    185.867    11.3268    30.5841   3.493728    198.849    82.8974     0.3047      7.643 1.0000e-12  0.000e+00
    185.778    11.3271    30.5839   3.493734    198.860    82.8974     0.3120      7.639 1.0000e-12  0.000e+00
    185.815    11.3271    30.5838   3.493722    198.723    82.8974     0.3047      7.639 1.0000e-12  0.000e+00
    185.830    11.3269    30.5838   3.493703    198.891    82.8705     0.3120      7.639 1.0000e-12  0.000e+00
    185.867    11.3269    30.5840   3.493735    198.905    82.8974     0.3487      7.639 1.0000e-12  0.000e+00
    185.830    11.3271    30.5840   3.493747    198.917    82.8974     0.3853      7.639 1.0000e-12  0.000e+00
    185.815    11.3269    30.5842   3.493747    198.929    82.8705     0.3853      7.643 1.0000e-12  0.000e+00
    185.815    11.3271    30.5842   3.493759    199.109    82.8974     0.3853      7.643 1.0000e-12  0.000e+00
    185.882    11.3276    30.5836   3.493747    198.951    82.8974     0.3853      7.639 1.0000e-12  0.000e+00
    185.867    11.3269    30.5842   3.493747    199.113    82.8974     0.3780      7.639 1.0000e-12  0.000e+00
    185.830    11.3271    30.5840   3.493747    198.950    82.8974     0.3853      7.639 1.0000e-12  0.000e+00
    185.815    11.3271    30.5842   3.493766    198.956    82.8974     0.3780      7.643 1.0000e-12  0.000e+00
    185.830    11.3273    30.5841   3.493766    199.129    82.8705     0.3853      7.639 1.0000e-12  0.000e+00
    185.867    11.3273    30.5839   3.493747    199.150    82.9243     0.3780      7.643 1.0000e-12  0.000e+00
    185.830    11.3275    30.5839   3.493766    199.150    82.9780     0.3853      7.639 1.0000e-12  0.000e+00
    185.867    11.3271    30.5841   3.493753    199.001    83.0049     0.3780      7.643 1.0000e-12  0.000e+00
    185.867    11.3268    30.5842   3.493735    199.170    83.0049     0.3853      7.639 1.0000e-12  0.000e+00
    185.830    11.3271    30.5837   3.493716    198.998    82.9780     0.3853      7.639 1.0000e-12  0.000e+00
    185.867    11.3275    30.5832   3.493691    199.164    83.0049     0.3853      7.643 1.0000e-12  0.000e+00
    185.830    11.3276    30.5834   3.493728    198.989    82.9780     0.3853      7.639 1.0000e-12  0.000e+00
    185.867    11.3273    30.5840   3.493759    198.986    83.0049     0.3780      7.643 1.0000e-12  0.000e+00
    185.882    11.3275    30.5842   3.493797    198.963    82.9780     0.3853      7.639 1.0000e-12  0.000e+00
    185.867    11.3275    30.5843   3.493809    198.955    83.0049     0.3780      7.643 1.0000e-12  0.000e+00
    185.830    11.3271    30.5848   3.493828    199.131    82.9780     0.3853      7.639 1.0000e-12  0.000e+00
    185.919    11.3273    30.5848   3.493840    198.972    82.9780     0.3853      7.643 1.0000e-12  0.000e+00
    185.867    11.3271    30.5848   3.493828    199.130    83.0049     0.3780      7.643 1.0000e-12  0.000e+00
    185.882    11.3269    30.5850   3.493834    198.952    82.9780     0.3853      7.639 1.0000e-12  0.000e+00
    185.815    11.3275    30.5847   3.493840    199.256    83.0049     0.3780      7.643 1.0000e-12  0.000e+00
    185.882    11.3273    30.5848   3.493840    199.091    82.9780     0.3853      7.639 1.0000e-12  0.000e+00
    185.919    11.3276    30.5846   3.493852    199.106    83.0049     0.3780      7.639 1.0000e-12  0.000e+00
    185.830    11.3273    30.5853   3.493890    199.103    82.9780     0.3560      7.639 1.0000e-12  0.000e+00
    185.867    11.3276    30.5846   3.493852    199.101    83.0049     0.3120      7.643 1.0000e-12  0.000e+00
    185.882    11.3278    30.5845   3.493859    199.113    82.9780     0.3047      7.639 1.0000e-12  0.000e+00
    185.919    11.3280    30.5842   3.493834    198.942    83.0049     0.3047      7.643 1.0000e-12  0.000e+00
    185.867    11.3278    30.5843   3.493834    198.920    82.9780     0.3120      7.639 1.0000e-12  0.000e+00
    185.882    11.3280    30.5844   3.493859    198.914    82.9511     0.3120      7.643 1.0000e-12  0.000e+00
    185.919    11.3278    30.5847   3.493871    199.078    82.9780     0.3047      7.639 1.0000e-12  0.000e+00
    185.882    11.3276    30.5848   3.493871    198.920    82.9511     0.3120      7.639 1.0000e-12  0.000e+00
    185.867    11.3278    30.5850   3.493908    198.744    82.9511     0.3047      7.643 1.0000e-12  0.000e+00
    185.882    11.3279    30.5844   3.493859    199.043    82.9511     0.3120      7.639 1.0000e-12  0.000e+00
    185.919    11.3280    30.5844   3.493859    198.869    82.9780     0.3047      7.643 1.0000e-12  0.000e+00
    185.882    11.3280    30.5845   3.493871    198.844    82.9511     0.3120      7.639 1.0000e-12  0.000e+00
    185.867    11.3281    30.5846   3.493890    198.819    82.9511     0.3047      7.643 1.0000e-12  0.000e+00
    185.919    11.3275    30.5847   3.493852    198.965    82.9780     0.3120      7.639 1.0000e-12  0.000e+00
    185.882    11.3278    30.5848   3.493883    198.785    82.9511     0.3120      7.639 1.0000e-12  0.000e+00
    185.867    11.3276    30.5849   3.493877    198.942    82.9511     0.3047      7.643 1.0000e-12  0.000e+00
    185.941    11.3280    30.5844   3.493859    198.780    82.9511     0.3120      7.639 1.0000e-12  0.000e+00
    185.867    11.3276    30.5850   3.493890    198.935    82.9780     0.3047      7.643 1.0000e-12  0.000e+00
    185.882    11.3276    30.5849   3.493877    198.923    82.9511     0.3120      7.639 1.0000e-12  0.000e+00
    185.919    11.3276    30.5850   3.493890    198.927    82.9780     0.3047      7.639 1.0000e-12  0.000e+00
    185.882    11.3275    30.5850   3.493877    198.929    82.9511     0.3120      7.639 1.0000e-12  0.000e+00
    185.919    11.3278    30.5843   3.493834    198.746    82.9780     0.3047      7.643 1.0000e-12  0.000e+00
    185.867    11.3275    30.5848   3.493859    198.730    82.9780     0.3120      7.639 1.0000e-12  0.000e+00
    185.882    11.3278    30.5847   3.493871    198.546    82.9511     0.3120      7.639 1.0000e-12  0.000e+00
    185.919    11.3278    30.5847   3.493871    198.685    83.1392     0.3047      7.643 1.0000e-12  0.000e+00
    185.882    11.3278    30.5845   3.493859    198.502    83.1930     0.3120      7.639 1.0000e-12  0.000e+00
    185.919    11.3281    30.5841   3.493840    198.657    83.2198     0.3120      7.643 1.0000e-12  0.000e+00
    185.882    11.3278    30.5848   3.493883    198.643    83.1930     0.3267      7.639 1.0000e-12  0.000e+00
    185.919    11.3280    30.5848   3.493902    198.479    83.2198     0.3267      7.639 1.0000e-12  0.000e+00
    185.882    11.3275    30.5852   3.493902    198.452    83.1930     0.3340      7.639 1.0000e-12  0.000e+00
    185.867    11.3280    30.5843   3.493846    198.423    83.2198     0.3267      7.643 1.0000e-12  0.000e+00
    185.919    11.3276    30.5849   3.493883    198.583    83.1930     0.3340      7.639 1.0000e-12  0.000e+00
    185.882    11.3280    30.5846   3.493877    198.588    83.2198     0.3267      7.643 1.0000e-12  0.000e+00
    185.867    11.3275    30.5847   3.493846    198.765    83.2198     0.3267      7.639 1.0000e-12  0.000e+00
    185.882    11.3273    30.5851   3.493877    198.604    83.1930     0.3340      7.639 1.0000e-12  0.000e+00
    185.919    11.3275    30.5850   3.493877    198.780    83.2198     0.3267      7.639 1.0000e-12  0.000e+00
    185.882    11.3278    30.5847   3.493871    198.784    83.1930     0.3340      7.639 1.0000e-12  0.000e+00
    185.867    11.3276    30.5848   3.493871    198.471    83.2198     0.3267      7.643 1.0000e-12  0.000e+00
    185.882    11.3278    30.5843   3.493834    198.447    83.1930     0.3340      7.639 1.0000e-12  0.000e+00
    185.919    11.3281    30.5841   3.493834    198.423    83.2198     0.3267      7.639 1.0000e-12  0.000e+00
    185.867    11.3276    30.5847   3.493859    198.400    83.2198     0.3340      7.639 1.0000e-12  0.000e+00
    185.941    11.3278    30.5846   3.493871    198.379    83.1930     0.3340      7.643 1.0000e-12  0.000e+00
    185.867    11.3276    30.5846   3.493846    198.540    83.2198     0.3267      7.643 1.0000e-12  0.000e+00
    185.882    11.3276    30.5849   3.493877    198.367    83.1930     0.3340      7.639 1.0000e-12  0.000e+00
    185.867    11.3278    30.5845   3.493852    198.195    83.0855     0.3267      7.643 1.0000e-12  0.000e+00
    185.882    11.3280    30.5844   3.493859    198.160    82.9780     0.3340      7.639 1.0000e-12  0.000e+00
    185.867    11.3275    30.5850   3.493871    198.161    82.9780     0.3267      7.643 1.0000e-12  0.000e+00
    185.882    11.3276    30.5844   3.493834    198.316    82.9780     0.3340      7.639 1.0000e-12  0.000e+00
    185.867    11.3276    30.5844   3.493834    198.319    82.9780     0.3340      7.643 1.0000e-12  0.000e+00
    185.867    11.3273    30.5850   3.493859    198.492    82.9780     0.3267      7.643 1.0000e-12  0.000e+00
    185.882    11.3280    30.5843   3.493846    198.344    82.9780     0.3340      7.639 1.0000e-12  0.000e+00
    185.867    11.3271    30.5850   3.493852    198.688    82.9780     0.3267      7.643 1.0000e-12  0.000e+00
    185.882    11.3273    30.5846   3.493821    198.710    82.9780     0.3340      7.639 1.0000e-12  0.000e+00
    185.867    11.3278    30.5842   3.493828    198.561    82.9780     0.3267      7.643 1.0000e-12  0.000e+00
    185.882    11.3276    30.5843   3.493815    198.568    82.9780     0.3267      7.639 1.0000e-12  0.000e+00
    185.867    11.3275    30.5845   3.493828    198.422    82.9780     0.3194      7.643 1.0000e-12  0.000e+00
    185.882    11.3275    30.5843   3.493803    198.581    82.9780     0.3267      7.639 1.0000e-12  0.000e+00
    185.815    11.3273    30.5842   3.493778    198.402    82.9780     0.3267      7.643 1.0000e-12  0.000e+00
    185.867    11.3275    30.5840   3.493778    198.410    82.9780     0.3194      7.634 1.0000e-12  0.000e+00
    185.882    11.3271    30.5845   3.493797    198.404    82.9511     0.3267      7.643 1.0000e-12  0.000e+00
    185.867    11.3275    30.5847   3.493846    198.394    82.9780     0.3194      7.643 1.0000e-12  0.000e+00
    185.830    11.3273    30.5848   3.493840    198.555    82.9780     0.3267      7.639 1.0000e-12  0.000e+00
    185.867    11.3273    30.5850   3.493859    198.414    82.9780     0.3194      7.643 1.0000e-12  0.000e+00
    185.882    11.3275    30.5847   3.493846    198.576    82.9780     0.3267      7.639 1.0000e-12  0.000e+00
    185.867    11.3278    30.5847   3.493877    198.434    82.9243     0.3194      7.643 1.0000e-12  0.000e+00
    185.830    11.3275    30.5848   3.493852    198.598    82.8168     0.3194      7.639 1.0000e-12  0.000e+00
    185.867    11.3275    30.5846   3.493840    198.460    82.7899     0.3267      7.639 1.0000e-12  0.000e+00
    185.867    11.3273    30.5850   3.493859    198.642    82.7899     0.3194      7.643 1.0000e-12  0.000e+00
    185.830    11.3278    30.5842   3.493821    198.670    82.7899     0.3267      7.639 1.0000e-12  0.000e+00
    185.867    11.3276    30.5843   3.493821    198.534    82.7899     0.3194      7.643 1.0000e-12  0.000e+00
    185.830    11.3274    30.5844   3.493809    198.702    82.7899     0.3267      7.639 1.0000e-12  0.000e+00
    185.867    11.3278    30.5838   3.493784    198.550    82.7899     0.3267      7.639 1.0000e-12  0.000e+00
    185.882    11.3273    30.5846   3.493821    198.704    82.8168     0.3194      7.643 1.0000e-12  0.000e+00
    185.815    11.3269    30.5847   3.493803    198.551    82.7899     0.3267      7.639 1.0000e-12  0.000e+00
    185.882    11.3276    30.5841   3.493803    198.535    82.7899     0.3194      7.643 1.0000e-12  0.000e+00
    185.867    11.3271    30.5841   3.493759    198.538    82.7899     0.3267      7.639 1.0000e-12  0.000e+00
    185.815    11.3273    30.5843   3.493790    198.537    82.8168     0.3194      7.643 1.0000e-12  0.000e+00
    185.882    11.3269    30.5844   3.493772    198.525    82.7899     0.3267      7.639 1.0000e-12  0.000e+00
    185.867    11.3275    30.5842   3.493797    198.508    82.7899     0.3194      7.643 1.0000e-12  0.000e+00
    185.830    11.3268    30.5847   3.493784    198.495    82.7899     0.3340      7.639 1.0000e-12  0.000e+00
    185.867    11.3269    30.5845   3.493778    198.498    82.7899     0.3487      7.643 1.0000e-12  0.000e+00
    185.830    11.3271    30.5845   3.493797    198.666    82.7899     0.3413      7.643 1.0000e-12  0.000e+00
    185.867    11.3271    30.5845   3.493797    198.534    82.7899     0.3487      7.639 1.0000e-12  0.000e+00
    185.882    11.3273    30.5842   3.493778    198.539    82.7899     0.3413      7.643 1.0000e-12  0.000e+00
    185.867    11.3268    30.5848   3.493797    198.728    82.7630     0.3487      7.639 1.0000e-12  0.000e+00
    185.815    11.3269    30.5845   3.493784    198.764    82.7093     0.3413      7.643 1.0000e-12  0.000e+00
