site/notebooks/data/aplsurp_cruises_cnvs_2024/20240718_CTD06_p29.cnv
* Sea-Bird SBE 9 Data File:
* FileName = C:\Data\RC0122ctd\20240718_CTD06_p29.hex
* Software Version Seasave V 7.26.7.107
* Temperature SN = 1121
* Conductivity SN = 2881
* Number of Bytes Per Scan = 31
* Number of Voltage Words = 4
* Number of Scans Averaged by the Deck Unit = 1
* NMEA Latitude = 47 43.27 N
* NMEA Longitude = 122 30.11 W
* NMEA UTC (Time) = Jul 18 2024  19:16:23
* NMEA baud rate = 4800
** Ship: R/V Rachel Carson
** Cruise ID: RC0122
** Tech: Jalickee
** Chief Scientist: Boyar
** Station: p29
** Cast:  06
# nquan = 10
# nvalues = 21325                                 
# units = specified
# name 0 = depSM: Depth [salt water, m]
# name 1 = t090C: Temperature [ITS-90, deg C]
# name 2 = sal00: Salinity, Practical [PSU]
# name 3 = c0S/m: Conductivity [S/m]
# name 4 = sbox0Mm/Kg: Oxygen, SBE 43 [umol/kg]
# name 5 = CStarTr0: Beam Transmission, WET Labs C-Star [%]
# name 6 = flECO-AFL: Fluorescence, WET Labs ECO-AFL/FL [mg/m^3]
# name 7 = ph: pH
# name 8 = par: PAR/Irradiance, Biospherical/Licor
# name 9 = flag:  0.000e+00
# span 0 =      0.566,    108.145                 
# span 1 =    11.3215,    15.6006                 
# span 2 =    29.5114,    30.4501                 
# span 3 =   3.448809,   3.738273                 
# span 4 =    189.620,    369.220                 
# span 5 =    65.3237,    91.6842                 
# span 6 =     0.1142,     8.2168                 
# span 7 =      7.548,      8.094                 
# span 8 = 1.0000e-12, 5.1717e+03                 
# span 9 = 0.0000e+00, 0.0000e+00                 
# interval = seconds: 0.0416667
# start_time = Jul 18 2024 19:16:23 [NMEA time, header]
# bad_flag = -9.990e-29
*END*
[from data line 10955]
     73.419    11.3478    30.3837   3.470277    194.999    90.7975     0.1289      7.577 1.0000e-12  0.000e+00
     73.308    11.3472    30.3845   3.470314    194.984    90.7975     0.1289      7.572 1.0000e-12  0.000e+00
     73.419    11.3476    30.3840   3.470296    195.136    90.7975     0.1216      7.572 1.0000e-12  0.000e+00
     73.529    11.3478    30.3838   3.470296    194.823    90.8243     0.1216      7.572 1.0000e-12  0.000e+00
     73.419    11.3481    30.3837   3.470302    194.803    90.7975     0.1289      7.572 1.0000e-12  0.000e+00
     73.419    11.3475    30.3843   3.470321    194.773    90.7975     0.1289      7.577 1.0000e-12  0.000e+00
     73.581    11.3476    30.3845   3.470352    194.579    90.7975     0.1216      7.572 1.0000e-12  0.000e+00
     73.529    11.3478    30.3843   3.470339    194.546    90.7975     0.1289      7.572 1.0000e-12  0.000e+00
     73.470    11.3474    30.3845   3.470333    194.860    90.7975     0.1289      7.572 1.0000e-12  0.000e+00
     73.529    11.3483    30.3838   3.470339    194.843    90.7975     0.1216      7.577 1.0000e-12  0.000e+00
     73.692    11.3483    30.3837   3.470333    194.680    90.7975     0.1216      7.577 1.0000e-12  0.000e+00
     73.529    11.3477    30.3840   3.470308    194.826    90.7975     0.1289      7.572 1.0000e-12  0.000e+00
     73.581    11.3481    30.3840   3.470345    194.823    90.8243     0.1289      7.572 1.0000e-12  0.000e+00
     73.691    11.3479    30.3843   3.470364    194.657    90.7975     0.1216      7.577 1.0000e-12  0.000e+00
     73.691    11.3479    30.3843   3.470364    194.639    90.7975     0.1289      7.577 1.0000e-12  0.000e+00
     73.581    11.3483    30.3841   3.470370    194.782    90.7975     0.1289      7.572 1.0000e-12  0.000e+00
     73.743    11.3476    30.3846   3.470364    194.768    90.8243     0.1216      7.572 1.0000e-12  0.000e+00
     73.802    11.3482    30.3841   3.470364    194.747    90.7975     0.1216      7.572 1.0000e-12  0.000e+00
     73.632    11.3481    30.3844   3.470382    194.721    90.7975     0.1289      7.572 1.0000e-12  0.000e+00
     73.743    11.3479    30.3846   3.470395    194.700    90.8243     0.1289      7.572 1.0000e-12  0.000e+00
     73.905    11.3478    30.3842   3.470345    194.697    90.8243     0.1216      7.572 1.0000e-12  0.000e+00
     73.743    11.3483    30.3837   3.470333    194.698    90.8243     0.1289      7.572 1.0000e-12  0.000e+00
     73.743    11.3480    30.3840   3.470339    194.705    90.7975     0.1289      7.572 1.0000e-12  0.000e+00
     73.905    11.3479    30.3839   3.470333    194.716    90.8243     0.1216      7.572 1.0000e-12  0.000e+00
     73.905    11.3479    30.3843   3.470376    194.556    90.8243     0.1289      7.577 1.0000e-12  0.000e+00
     73.802    11.3478    30.3845   3.470370    194.546    90.8243     0.1289      7.572 1.0000e-12  0.000e+00
     73.905    11.3478    30.3839   3.470314    194.526    90.8243     0.1216      7.572 1.0000e-12  0.000e+00
     74.016    11.3481    30.3841   3.470370    194.503    90.8243     0.1216      7.577 1.0000e-12  0.000e+00
     73.964    11.3482    30.3839   3.470358    194.644    90.7975     0.1289      7.572 1.0000e-12  0.000e+00
     73.854    11.3479    30.3842   3.470358    194.633    90.8243     0.1289      7.572 1.0000e-12  0.000e+00
     74.127    11.3476    30.3844   3.470364    194.466    90.8243     0.1216      7.572 1.0000e-12  0.000e+00
     74.068    11.3481    30.3840   3.470364    194.454    90.8243     0.1289      7.577 1.0000e-12  0.000e+00
     73.905    11.3483    30.3841   3.470383    194.622    90.8243     0.1289      7.572 1.0000e-12  0.000e+00
     74.127    11.3481    30.3840   3.470370    194.652    90.8243     0.1216      7.572 1.0000e-12  0.000e+00
     74.178    11.3480    30.3842   3.470383    194.661    90.8243     0.1216      7.572 1.0000e-12  0.000e+00
     74.068    11.3481    30.3840   3.470358    194.816    90.8243     0.1289      7.572 1.0000e-12  0.000e+00
     74.016    11.3478    30.3847   3.470401    194.656    90.8243     0.1289      7.572 1.0000e-12  0.000e+00
     74.289    11.3479    30.3844   3.470401    194.504    90.8243     0.1216      7.572 1.0000e-12  0.000e+00
     74.178    11.3483    30.3839   3.470370    194.492    90.6631     0.1289      7.572 1.0000e-12  0.000e+00
     74.127    11.3483    30.3840   3.470383    194.483    90.5288     0.1289      7.572 1.0000e-12  0.000e+00
     74.230    11.3485    30.3839   3.470395    194.643    90.5288     0.1216      7.572 1.0000e-12  0.000e+00
     74.340    11.3479    30.3842   3.470377    194.656    90.5288     0.1216      7.572 1.0000e-12  0.000e+00
     74.178    11.3481    30.3842   3.470389    194.660    90.5288     0.1289      7.572 1.0000e-12  0.000e+00
     74.230    11.3483    30.3839   3.470370    194.685    90.5556     0.1216      7.572 1.0000e-12  0.000e+00
     74.392    11.3478    30.3843   3.470383    194.715    90.5288     0.1216      7.572 1.0000e-12  0.000e+00
     74.289    11.3478    30.3843   3.470370    194.557    90.5288     0.1289      7.572 1.0000e-12  0.000e+00
     74.274    11.3480    30.3840   3.470364    194.567    90.5288     0.1289      7.572 1.0000e-12  0.000e+00
     74.451    11.3481    30.3839   3.470364    194.583    90.5556     0.1216      7.577 1.0000e-12  0.000e+00
     74.451    11.3483    30.3838   3.470370    194.415    90.5288     0.1216      7.572 1.0000e-12  0.000e+00
     74.340    11.3479    30.3843   3.470389    194.561    90.5288     0.1289      7.572 1.0000e-12  0.000e+00
     74.392    11.3476    30.3844   3.470370    194.728    90.5288     0.1289      7.572 1.0000e-12  0.000e+00
     74.562    11.3478    30.3843   3.470383    194.763    90.5288     0.1216      7.572 1.0000e-12  0.000e+00
     74.503    11.3478    30.3845   3.470414    194.595    90.5288     0.1289      7.577 1.0000e-12  0.000e+00
     74.392    11.3478    30.3845   3.470401    194.742    90.5288     0.1289      7.572 1.0000e-12  0.000e+00
     74.562    11.3481    30.3844   3.470426    194.743    90.5556     0.1216      7.572 1.0000e-12  0.000e+00
     74.613    11.3479    30.3848   3.470451    194.727    90.5288     0.1289      7.572 1.0000e-12  0.000e+00
     74.451    11.3483    30.3846   3.470457    194.703    90.5288     0.1289      7.572 1.0000e-12  0.000e+00
     74.562    11.3479    30.3846   3.470432    194.718    90.5288     0.1216      7.572 1.0000e-12  0.000e+00
     74.724    11.3480    30.3851   3.470494    194.733    90.5825     0.1216      7.572 1.0000e-12  0.000e+00
     74.613    11.3479    30.3847   3.470445    194.726    90.6631     0.1289      7.572 1.0000e-12  0.000e+00
     74.562    11.3479    30.3846   3.470432    194.736    90.6900     0.1289      7.572 1.0000e-12  0.000e+00
     74.665    11.3483    30.3845   3.470451    194.748    90.6900     0.1289      7.572 1.0000e-12  0.000e+00
     74.775    11.3483    30.3847   3.470476    194.580    90.6631     0.1509      7.577 1.0000e-12  0.000e+00
     74.613    11.3482    30.3845   3.470438    194.722    90.6631     0.1582      7.572 1.0000e-12  0.000e+00
     74.724    11.3479    30.3847   3.470445    194.736    90.6900     0.1509      7.572 1.0000e-12  0.000e+00
     74.827    11.3483    30.3845   3.470457    194.747    90.6900     0.1509      7.572 1.0000e-12  0.000e+00
     74.724    11.3479    30.3850   3.470476    194.755    90.6631     0.1582      7.572 1.0000e-12  0.000e+00
     74.724    11.3484    30.3838   3.470401    194.765    90.6900     0.1582      7.572 1.0000e-12  0.000e+00
     74.886    11.3479    30.3843   3.470414    194.781    90.6900     0.1509      7.577 1.0000e-12  0.000e+00
     74.886    11.3475    30.3852   3.470470    194.792    90.6900     0.1582      7.572 1.0000e-12  0.000e+00
     74.724    11.3481    30.3842   3.470414    194.796    90.6631     0.1582      7.572 1.0000e-12  0.000e+00
     74.886    11.3478    30.3847   3.470439    194.977    90.6900     0.1509      7.572 1.0000e-12  0.000e+00
     74.989    11.3476    30.3847   3.470432    194.839    90.6631     0.1509      7.577 1.0000e-12  0.000e+00
     74.886    11.3476    30.3845   3.470408    194.996    90.6631     0.1582      7.572 1.0000e-12  0.000e+00
     74.827    11.3476    30.3849   3.470445    195.002    90.6900     0.1509      7.572 1.0000e-12  0.000e+00
     74.989    11.3478    30.3845   3.470432    195.012    90.6900     0.1509      7.577 1.0000e-12  0.000e+00
     75.048    11.3474    30.3850   3.470445    195.184    90.6631     0.1582      7.572 1.0000e-12  0.000e+00
     74.886    11.3476    30.3848   3.470432    195.049    90.6900     0.1582      7.572 1.0000e-12  0.000e+00
     75.048    11.3476    30.3848   3.470445    195.071    90.6631     0.1509      7.572 1.0000e-12  0.000e+00
     75.159    11.3474    30.3850   3.470457    195.076    90.5556     0.1582      7.577 1.0000e-12  0.000e+00
     74.989    11.3478    30.3846   3.470439    194.907    90.5288     0.1582      7.572 1.0000e-12  0.000e+00
     74.982    11.3473    30.3846   3.470401    194.909    90.5556     0.1509      7.572 1.0000e-12  0.000e+00
     75.211    11.3472    30.3847   3.470414    194.750    90.5288     0.1509      7.572 1.0000e-12  0.000e+00
     75.159    11.3472    30.3849   3.470426    195.065    90.5556     0.1582      7.572 1.0000e-12  0.000e+00
     75.048    11.3471    30.3846   3.470377    195.096    90.5556     0.1582      7.572 1.0000e-12  0.000e+00
     75.159    11.3472    30.3845   3.470383    194.948    90.5556     0.1509      7.572 1.0000e-12  0.000e+00
     75.262    11.3471    30.3847   3.470402    194.936    90.5556     0.1582      7.572 1.0000e-12  0.000e+00
     75.159    11.3472    30.3847   3.470395    195.083    90.5288     0.1582      7.572 1.0000e-12  0.000e+00
     75.159    11.3467    30.3852   3.470414    195.082    90.5556     0.1435      7.572 1.0000e-12  0.000e+00
     75.321    11.3472    30.3846   3.470402    194.932    90.5288     0.1435      7.572 1.0000e-12  0.000e+00
     75.262    11.3466    30.3851   3.470395    195.095    90.5556     0.1435      7.572 1.0000e-12  0.000e+00
     75.211    11.3467    30.3854   3.470439    195.105    90.5556     0.1362      7.572 1.0000e-12  0.000e+00
     75.321    11.3471    30.3850   3.470433    194.953    90.5556     0.1362      7.572 1.0000e-12  0.000e+00
     75.373    11.3475    30.3844   3.470408    195.115    90.5556     0.1435      7.572 1.0000e-12  0.000e+00
     75.262    11.3471    30.3849   3.470420    195.108    90.5825     0.1435      7.572 1.0000e-12  0.000e+00
     75.321    11.3472    30.3848   3.470426    194.937    90.5556     0.1362      7.572 1.0000e-12  0.000e+00
     75.483    11.3471    30.3851   3.470445    194.920    90.5556     0.1435      7.572 1.0000e-12  0.000e+00
     75.424    11.3471    30.3847   3.470408    195.045    90.5288     0.1435      7.572 1.0000e-12  0.000e+00
     75.321    11.3469    30.3852   3.470439    195.033    90.5556     0.1362      7.577 1.0000e-12  0.000e+00
     75.483    11.3471    30.3848   3.470420    194.877    90.3944     0.1362      7.572 1.0000e-12  0.000e+00
     75.535    11.3470    30.3849   3.470420    195.033    90.3138     0.1435      7.572 1.0000e-12  0.000e+00
     75.373    11.3469    30.3848   3.470402    195.018    90.3407     0.1362      7.572 1.0000e-12  0.000e+00
     75.483    11.3467    30.3853   3.470439    194.859    90.3407     0.1362      7.572 1.0000e-12  0.000e+00
     75.587    11.3471    30.3851   3.470457    194.848    90.3407     0.1435      7.572 1.0000e-12  0.000e+00
     75.483    11.3469    30.3851   3.470433    195.000    90.3407     0.1435      7.572 1.0000e-12  0.000e+00
     75.520    11.3467    30.3852   3.470433    195.004    90.3407     0.1362      7.572 1.0000e-12  0.000e+00
     75.587    11.3468    30.3851   3.470426    194.842    90.3407     0.1362      7.572 1.0000e-12  0.000e+00
     75.646    11.3467    30.3851   3.470426    194.830    90.3407     0.1435      7.572 1.0000e-12  0.000e+00
     75.535    11.3471    30.3849   3.470426    194.813    90.3407     0.1435      7.572 1.0000e-12  0.000e+00
     75.646    11.3471    30.3852   3.470470    194.802    90.3407     0.1362      7.572 1.0000e-12  0.000e+00
     75.697    11.3464    30.3855   3.470439    194.627    90.3407     0.1435      7.577 1.0000e-12  0.000e+00
     75.646    11.3469    30.3851   3.470445    194.746    90.3407     0.1435      7.572 1.0000e-12  0.000e+00
     75.587    11.3470    30.3850   3.470439    194.566    90.3407     0.1362      7.572 1.0000e-12  0.000e+00
     75.808    11.3472    30.3851   3.470476    194.542    90.3407     0.1362      7.572 1.0000e-12  0.000e+00
     75.749    11.3476    30.3851   3.470507    194.677    90.3407     0.1362      7.572 1.0000e-12  0.000e+00
     75.646    11.3469    30.3856   3.470495    194.664    90.3407     0.1289      7.567 1.0000e-12  0.000e+00
     75.749    11.3471    30.3854   3.470488    194.655    90.3407     0.1289      7.572 1.0000e-12  0.000e+00
     75.860    11.3467    30.3858   3.470507    194.646    90.3138     0.1362      7.577 1.0000e-12  0.000e+00
     75.749    11.3472    30.3855   3.470507    194.630    90.3138     0.1362      7.572 1.0000e-12  0.000e+00
     75.749    11.3467    30.3859   3.470513    194.784    90.4482     0.1289      7.572 1.0000e-12  0.000e+00
     75.860    11.3471    30.3856   3.470519    194.639    90.5288     0.1289      7.572 1.0000e-12  0.000e+00
     75.919    11.3472    30.3855   3.470519    194.793    90.5288     0.1362      7.572 1.0000e-12  0.000e+00
     75.749    11.3474    30.3854   3.470519    194.807    90.5288     0.1289      7.572 1.0000e-12  0.000e+00
     75.919    11.3471    30.3856   3.470519    194.500    90.5288     0.1289      7.572 1.0000e-12  0.000e+00
     75.955    11.3473    30.3855   3.470532    194.655    90.5288     0.1362      7.572 1.0000e-12  0.000e+00
     75.919    11.3476    30.3854   3.470544    194.674    90.5288     0.1289      7.572 1.0000e-12  0.000e+00
     75.860    11.3474    30.3854   3.470526    194.514    90.5288     0.1289      7.572 1.0000e-12  0.000e+00
     76.022    11.3476    30.3856   3.470563    194.510    90.5288     0.1362      7.577 1.0000e-12  0.000e+00
     76.022    11.3474    30.3854   3.470532    194.669    90.5019     0.1362      7.572 1.0000e-12  0.000e+00
     75.919    11.3476    30.3854   3.470538    194.660    90.5288     0.1289      7.572 1.0000e-12  0.000e+00
     76.081    11.3478    30.3854   3.470569    194.656    90.5288     0.1362      7.572 1.0000e-12  0.000e+00
     76.081    11.3474    30.3858   3.470569    194.635    90.5288     0.1362      7.572 1.0000e-12  0.000e+00
     76.022    11.3478    30.3853   3.470550    194.642    90.5288     0.1289      7.572 1.0000e-12  0.000e+00
     76.022    11.3478    30.3853   3.470550    194.652    90.5288     0.1289      7.572 1.0000e-12  0.000e+00
     76.184    11.3478    30.3853   3.470550    194.815    90.5288     0.1362      7.572 1.0000e-12  0.000e+00
     76.081    11.3474    30.3860   3.470594    194.822    90.5288     0.1362      7.572 1.0000e-12  0.000e+00
     76.081    11.3473    30.3858   3.470563    194.682    90.5288     0.1289      7.572 1.0000e-12  0.000e+00
     76.184    11.3476    30.3855   3.470563    194.693    90.5288     0.1362      7.572 1.0000e-12  0.000e+00
     76.243    11.3476    30.3856   3.470575    194.689    90.5288     0.1362      7.572 1.0000e-12  0.000e+00
     76.081    11.3472    30.3858   3.470557    194.696    90.6362     0.1289      7.572 1.0000e-12  0.000e+00
     76.243    11.3476    30.3854   3.470550    194.875    90.7437     0.1362      7.572 1.0000e-12  0.000e+00
     76.280    11.3478    30.3852   3.470550    194.886    90.7437     0.1435      7.572 1.0000e-12  0.000e+00
     76.184    11.3475    30.3855   3.470550    194.744    90.7706     0.1435      7.572 1.0000e-12  0.000e+00
     76.243    11.3481    30.3851   3.470563    194.755    90.7437     0.1435      7.572 1.0000e-12  0.000e+00
