site/notebooks/data/aplsurp_cruises_cnvs_2024/20240717_CTD03_p28.cnv
* Sea-Bird SBE 9 Data File:
* FileName = C:\Data\RC0122ctd\20240716_CTD03_p28.hex
* Software Version Seasave V 7.26.7.107
* Temperature SN = 1121
* Conductivity SN = 2881
* Number of Bytes Per Scan = 31
* Number of Voltage Words = 4
* Number of Scans Averaged by the Deck Unit = 1
* NMEA Latitude = 47 42.77 N
* NMEA Longitude = 122 25.28 W
* NMEA UTC (Time) = Jul 17 2024  15:45:51
* NMEA baud rate = 4800
** Ship: R/V Rachel Carson
** Cruise ID: RC0121
** Tech: Jalickee
** Chief Scientist: Boyar
** Station: p28
** Cast:  03
# nquan = 10
# nvalues = 31280                                 
# units = specified
# name 0 = depSM: Depth [salt water, m]
# name 1 = t090C: Temperature [ITS-90, deg C]
# name 2 = sal00: Salinity, Practical [PSU]
# name 3 = c0S/m: Conductivity [S/m]
# name 4 = sbox0Mm/Kg: Oxygen, SBE 43 [umol/kg]
# name 5 = CStarTr0: Beam Transmission, WET Labs C-Star [%]
# name 6 = flECO-AFL: Fluorescence, WET Labs ECO-AFL/FL [mg/m^3]
# name 7 = ph: pH
# name 8 = par: PAR/Irradiance, Biospherical/Licor
# name 9 = flag:  0.000e+00
# span 0 =      0.431,    186.510                 
# span 1 =    11.1559,    16.2313                 
# span 2 =    28.9798,    30.6443                 
# span 3 =   3.437885,   3.738677                 
# span 4 =    186.814,    413.095                 
# span 5 =    67.7421,    93.1084                 
# span 6 =     0.0849,     6.5684                 
# span 7 =      7.567,      8.228                 
# span 8 = 1.0000e-12, 1.2150e+03                 
# span 9 = 0.0000e+00, 0.0000e+00                 
# interval = seconds: 0.0416667
# start_time = Jul 17 2024 15:45:51 [NMEA time, header]
# bad_flag = -9.990e-29
*END*
[from data line 22199]
    100.346    11.1650    30.3578   3.453278    191.253    92.7859     0.0996      7.591 1.0000e-12  0.000e+00
    100.369    11.1652    30.3576   3.453272    191.247    92.6516     0.0996      7.587 1.0000e-12  0.000e+00
    100.347    11.1652    30.3577   3.453285    191.225    92.6247     0.1069      7.587 1.0000e-12  0.000e+00
    100.317    11.1655    30.3575   3.453291    191.202    92.6247     0.0996      7.591 1.0000e-12  0.000e+00
    100.369    11.1649    30.3580   3.453291    191.033    92.6516     0.0996      7.591 1.0000e-12  0.000e+00
    100.347    11.1654    30.3575   3.453272    190.996    92.6247     0.1069      7.587 1.0000e-12  0.000e+00
    100.317    11.1649    30.3578   3.453260    191.161    92.6247     0.1069      7.587 1.0000e-12  0.000e+00
    100.347    11.1654    30.3571   3.453235    191.341    92.6516     0.0996      7.591 1.0000e-12  0.000e+00
    100.369    11.1655    30.3567   3.453210    191.372    92.6516     0.0996      7.591 1.0000e-12  0.000e+00
    100.317    11.1650    30.3573   3.453223    191.403    92.6247     0.1069      7.591 1.0000e-12  0.000e+00
    100.347    11.1655    30.3569   3.453229    191.418    92.6247     0.1069      7.587 1.0000e-12  0.000e+00
    100.317    11.1652    30.3577   3.453278    191.266    92.6247     0.1069      7.587 1.0000e-12  0.000e+00
    100.347    11.1650    30.3579   3.453291    191.268    92.6247     0.0996      7.591 1.0000e-12  0.000e+00
    100.317    11.1657    30.3571   3.453266    191.267    92.6516     0.0996      7.591 1.0000e-12  0.000e+00
    100.236    11.1655    30.3572   3.453260    191.268    92.6247     0.0996      7.591 1.0000e-12  0.000e+00
    100.479    11.1652    30.3572   3.453241    191.277    92.6247     0.1069      7.587 1.0000e-12  0.000e+00
    100.317    11.1647    30.3580   3.453272    191.278    92.6247     0.1069      7.587 1.0000e-12  0.000e+00
    100.347    11.1654    30.3572   3.453241    191.281    92.6247     0.0996      7.587 1.0000e-12  0.000e+00
    100.317    11.1655    30.3567   3.453210    191.285    92.6516     0.0996      7.591 1.0000e-12  0.000e+00
    100.295    11.1652    30.3576   3.453266    191.289    92.6247     0.1069      7.591 1.0000e-12  0.000e+00
    100.369    11.1656    30.3575   3.453291    191.279    92.6247     0.1069      7.587 1.0000e-12  0.000e+00
    100.317    11.1655    30.3580   3.453340    191.450    92.7859     0.1069      7.587 1.0000e-12  0.000e+00
    100.295    11.1657    30.3577   3.453328    191.304    92.8665     0.0996      7.591 1.0000e-12  0.000e+00
    100.317    11.1652    30.3578   3.453297    191.146    92.8665     0.0996      7.591 1.0000e-12  0.000e+00
    100.347    11.1659    30.3574   3.453309    191.137    92.8397     0.1069      7.587 1.0000e-12  0.000e+00
    100.317    11.1659    30.3573   3.453303    191.313    92.8397     0.1069      7.587 1.0000e-12  0.000e+00
    100.317    11.1652    30.3573   3.453241    191.326    92.8665     0.1069      7.587 1.0000e-12  0.000e+00
    100.347    11.1655    30.3571   3.453247    191.337    92.8665     0.1069      7.591 1.0000e-12  0.000e+00
    100.317    11.1650    30.3576   3.453260    191.166    92.8665     0.1069      7.591 1.0000e-12  0.000e+00
    100.295    11.1652    30.3573   3.453235    191.146    92.8397     0.1142      7.591 1.0000e-12  0.000e+00
    100.317    11.1652    30.3569   3.453204    191.295    92.8397     0.1142      7.587 1.0000e-12  0.000e+00
    100.317    11.1650    30.3572   3.453217    191.308    92.8397     0.1142      7.587 1.0000e-12  0.000e+00
    100.295    11.1652    30.3572   3.453229    191.320    92.8665     0.1142      7.587 1.0000e-12  0.000e+00
    100.317    11.1652    30.3572   3.453229    191.169    92.8665     0.1069      7.591 1.0000e-12  0.000e+00
    100.347    11.1650    30.3577   3.453272    191.169    92.8665     0.1069      7.591 1.0000e-12  0.000e+00
    100.266    11.1647    30.3580   3.453272    191.170    92.8397     0.1069      7.587 1.0000e-12  0.000e+00
    100.317    11.1652    30.3575   3.453260    191.156    92.8397     0.1142      7.587 1.0000e-12  0.000e+00
    100.347    11.1652    30.3575   3.453260    191.310    92.8397     0.1142      7.587 1.0000e-12  0.000e+00
    100.266    11.1650    30.3575   3.453241    191.312    92.8665     0.1142      7.587 1.0000e-12  0.000e+00
    100.347    11.1650    30.3571   3.453204    191.150    92.8665     0.1069      7.587 1.0000e-12  0.000e+00
    100.317    11.1652    30.3571   3.453217    190.970    92.8665     0.1069      7.591 1.0000e-12  0.000e+00
    100.266    11.1645    30.3575   3.453204    191.095    92.8128     0.1069      7.591 1.0000e-12  0.000e+00
    100.347    11.1650    30.3568   3.453179    191.084    92.7591     0.1142      7.587 1.0000e-12  0.000e+00
    100.317    11.1647    30.3574   3.453210    191.240    92.7591     0.1142      7.587 1.0000e-12  0.000e+00
    100.295    11.1647    30.3576   3.453229    191.245    92.7859     0.1069      7.587 1.0000e-12  0.000e+00
    100.318    11.1649    30.3573   3.453210    191.250    92.7859     0.1069      7.591 1.0000e-12  0.000e+00
    100.185    11.1644    30.3578   3.453223    191.103    92.7859     0.1069      7.591 1.0000e-12  0.000e+00
    100.428    11.1652    30.3569   3.453204    190.947    92.7591     0.1142      7.587 1.0000e-12  0.000e+00
    100.318    11.1645    30.3579   3.453247    191.090    92.7591     0.1142      7.587 1.0000e-12  0.000e+00
    100.347    11.1647    30.3576   3.453235    191.084    92.7591     0.1142      7.587 1.0000e-12  0.000e+00
    100.266    11.1647    30.3578   3.453247    191.076    92.7859     0.1069      7.591 1.0000e-12  0.000e+00
    100.347    11.1650    30.3576   3.453260    190.905    92.7859     0.1069      7.591 1.0000e-12  0.000e+00
    100.318    11.1652    30.3575   3.453260    190.884    92.7859     0.1069      7.587 1.0000e-12  0.000e+00
    100.318    11.1650    30.3576   3.453260    191.017    92.7591     0.1142      7.591 1.0000e-12  0.000e+00
    100.347    11.1650    30.3576   3.453260    191.166    92.7859     0.1216      7.587 1.0000e-12  0.000e+00
    100.318    11.1650    30.3597   3.453470    191.008    92.7591     0.1216      7.587 1.0000e-12  0.000e+00
    100.347    11.1657    30.3616   3.453729    191.017    92.7859     0.1142      7.587 1.0000e-12  0.000e+00
    100.318    11.1665    30.3629   3.453927    190.859    92.7859     0.1142      7.587 1.0000e-12  0.000e+00
    100.318    11.1669    30.3633   3.453995    190.858    92.7859     0.1142      7.587 1.0000e-12  0.000e+00
    100.347    11.1672    30.3622   3.453915    190.862    92.7591     0.1216      7.591 1.0000e-12  0.000e+00
    100.318    11.1672    30.3617   3.453859    190.851    92.7591     0.1216      7.587 1.0000e-12  0.000e+00
    100.347    11.1670    30.3622   3.453896    191.009    92.7591     0.1216      7.587 1.0000e-12  0.000e+00
    100.369    11.1675    30.3628   3.454007    191.013    92.7859     0.1216      7.587 1.0000e-12  0.000e+00
    100.318    11.1680    30.3628   3.454038    191.017    92.7859     0.1142      7.591 1.0000e-12  0.000e+00
    100.347    11.1685    30.3621   3.454013    191.024    92.7859     0.1142      7.591 1.0000e-12  0.000e+00
    100.369    11.1685    30.3622   3.454026    190.867    92.7859     0.1142      7.591 1.0000e-12  0.000e+00
    100.347    11.1687    30.3631   3.454131    190.692    92.7859     0.1216      7.591 1.0000e-12  0.000e+00
    100.369    11.1690    30.3663   3.454483    190.834    92.7591     0.1216      7.587 1.0000e-12  0.000e+00
    100.318    11.1705    30.3732   3.455317    190.981    92.7591     0.1216      7.587 1.0000e-12  0.000e+00
    100.399    11.1734    30.3772   3.455972    190.979    92.7859     0.1142      7.587 1.0000e-12  0.000e+00
    100.369    11.1758    30.3769   3.456151    190.999    92.7859     0.1142      7.591 1.0000e-12  0.000e+00
    100.347    11.1773    30.3716   3.455731    190.848    92.7859     0.1142      7.587 1.0000e-12  0.000e+00
    100.370    11.1770    30.3673   3.455261    190.675    92.7859     0.1142      7.591 1.0000e-12  0.000e+00
    100.370    11.1767    30.3672   3.455224    190.814    92.7591     0.1216      7.591 1.0000e-12  0.000e+00
    100.347    11.1768    30.3685   3.455373    190.814    92.7591     0.1216      7.587 1.0000e-12  0.000e+00
    100.370    11.1770    30.3707   3.455614    190.815    92.7591     0.1216      7.587 1.0000e-12  0.000e+00
    100.399    11.1770    30.3741   3.455960    190.817    92.7591     0.1216      7.587 1.0000e-12  0.000e+00
    100.370    11.1772    30.3756   3.456126    190.805    92.7859     0.1216      7.587 1.0000e-12  0.000e+00
    100.370    11.1775    30.3738   3.455978    190.797    92.7859     0.1142      7.591 1.0000e-12  0.000e+00
    100.399    11.1777    30.3731   3.455916    190.807    92.7859     0.1142      7.587 1.0000e-12  0.000e+00
    100.370    11.1772    30.3742   3.455990    190.816    92.7859     0.1069      7.591 1.0000e-12  0.000e+00
    100.347    11.1783    30.3752   3.456188    190.821    92.7859     0.0996      7.591 1.0000e-12  0.000e+00
    100.429    11.1788    30.3723   3.455935    190.821    92.8128     0.1069      7.591 1.0000e-12  0.000e+00
    100.348    11.1787    30.3659   3.455261    190.658    92.8128     0.1069      7.587 1.0000e-12  0.000e+00
    100.429    11.1770    30.3621   3.454736    190.821    92.8128     0.1069      7.587 1.0000e-12  0.000e+00
    100.370    11.1753    30.3650   3.454884    190.822    92.8128     0.1069      7.587 1.0000e-12  0.000e+00
    100.399    11.1752    30.3679   3.455175    191.001    92.8397     0.0996      7.587 1.0000e-12  0.000e+00
    100.370    11.1750    30.3675   3.455119    191.033    92.8397     0.0996      7.591 1.0000e-12  0.000e+00
    100.399    11.1747    30.3670   3.455039    191.052    92.8397     0.0996      7.587 1.0000e-12  0.000e+00
    100.370    11.1750    30.3660   3.454959    191.052    92.8397     0.0996      7.591 1.0000e-12  0.000e+00
    100.370    11.1745    30.3675   3.455076    190.901    92.8128     0.1069      7.591 1.0000e-12  0.000e+00
    100.399    11.1747    30.3690   3.455249    191.066    92.8128     0.1069      7.587 1.0000e-12  0.000e+00
    100.370    11.1757    30.3670   3.455119    191.263    92.8128     0.1069      7.587 1.0000e-12  0.000e+00
    100.399    11.1749    30.3652   3.454872    191.151    92.8128     0.1069      7.587 1.0000e-12  0.000e+00
    100.370    11.1742    30.3632   3.454600    191.022    92.8128     0.1069      7.587 1.0000e-12  0.000e+00
    100.370    11.1727    30.3622   3.454372    191.032    92.8397     0.0996      7.587 1.0000e-12  0.000e+00
    100.399    11.1719    30.3627   3.454359    190.856    92.8397     0.0996      7.587 1.0000e-12  0.000e+00
    100.370    11.1715    30.3636   3.454421    191.010    92.8397     0.0996      7.587 1.0000e-12  0.000e+00
    100.399    11.1715    30.3662   3.454693    191.179    92.8128     0.0996      7.591 1.0000e-12  0.000e+00
    100.370    11.1725    30.3752   3.455700    191.182    92.8128     0.1069      7.587 1.0000e-12  0.000e+00
    100.429    11.1757    30.3858   3.457047    191.160    92.8128     0.1069      7.587 1.0000e-12  0.000e+00
    100.348    11.1805    30.3890   3.457783    191.303    92.8128     0.1069      7.587 1.0000e-12  0.000e+00
    100.370    11.1837    30.3893   3.458079    191.324    92.8397     0.1069      7.587 1.0000e-12  0.000e+00
    100.399    11.1861    30.3870   3.458061    191.200    92.8397     0.0996      7.591 1.0000e-12  0.000e+00
    100.370    11.1873    30.3838   3.457826    191.383    92.8397     0.0996      7.587 1.0000e-12  0.000e+00
    100.370    11.1876    30.3822   3.457690    191.250    92.8397     0.0996      7.587 1.0000e-12  0.000e+00
    100.399    11.1881    30.3813   3.457646    191.085    92.8397     0.0923      7.587 1.0000e-12  0.000e+00
    100.370    11.1895    30.3813   3.457752    191.064    92.8128     0.0996      7.591 1.0000e-12  0.000e+00
    100.348    11.1898    30.3846   3.458116    191.044    92.8128     0.0996      7.587 1.0000e-12  0.000e+00
    100.370    11.1908    30.3887   3.458623    191.187    92.8128     0.0923      7.587 1.0000e-12  0.000e+00
    100.370    11.1930    30.3904   3.458988    191.192    92.8128     0.0996      7.587 1.0000e-12  0.000e+00
    100.348    11.1945    30.3923   3.459297    191.200    92.8397     0.0923      7.587 1.0000e-12  0.000e+00
    100.370    11.1969    30.3933   3.459612    191.372    92.8397     0.0923      7.586 1.0000e-12  0.000e+00
    100.400    11.1991    30.3938   3.459853    191.395    92.8397     0.0923      7.591 1.0000e-12  0.000e+00
    100.370    11.2011    30.3947   3.460113    191.233    92.8397     0.0923      7.591 1.0000e-12  0.000e+00
    100.318    11.2029    30.3940   3.460187    191.207    92.8128     0.0923      7.591 1.0000e-12  0.000e+00
    100.400    11.2039    30.3917   3.460045    191.205    92.8128     0.0996      7.586 1.0000e-12  0.000e+00
    100.370    11.2046    30.3864   3.459550    191.222    92.8128     0.0996      7.586 1.0000e-12  0.000e+00
    100.348    11.2033    30.3778   3.458561    191.252    92.8128     0.0996      7.586 1.0000e-12  0.000e+00
    100.318    11.1998    30.3769   3.458172    191.280    92.8128     0.0996      7.586 1.0000e-12  0.000e+00
    100.370    11.1985    30.3783   3.458203    191.448    92.8397     0.0923      7.586 1.0000e-12  0.000e+00
    100.348    11.1968    30.3833   3.458580    191.442    92.8128     0.0923      7.586 1.0000e-12  0.000e+00
    100.370    11.1980    30.3917   3.459538    191.436    92.7591     0.0923      7.586 1.0000e-12  0.000e+00
    100.348    11.2003    30.3975   3.460323    191.093    92.7053     0.0923      7.586 1.0000e-12  0.000e+00
    100.318    11.2028    30.3980   3.460589    191.057    92.7053     0.0923      7.586 1.0000e-12  0.000e+00
    100.400    11.2051    30.3961   3.460595    191.029    92.7053     0.0996      7.591 1.0000e-12  0.000e+00
    100.319    11.2063    30.3959   3.460663    190.999    92.7053     0.0996      7.586 1.0000e-12  0.000e+00
    100.370    11.2076    30.3950   3.460687    191.139    92.7053     0.0996      7.586 1.0000e-12  0.000e+00
    100.296    11.2081    30.3944   3.460663    191.294    92.7053     0.0996      7.586 1.0000e-12  0.000e+00
    100.370    11.2086    30.3945   3.460725    191.300    92.7053     0.0996      7.586 1.0000e-12  0.000e+00
    100.348    11.2089    30.3931   3.460601    191.304    92.7322     0.0996      7.586 1.0000e-12  0.000e+00
    100.319    11.2089    30.3904   3.460323    191.310    92.7053     0.0923      7.586 1.0000e-12  0.000e+00
    100.370    11.2074    30.3904   3.460199    191.304    92.7322     0.0996      7.591 1.0000e-12  0.000e+00
    100.296    11.2074    30.3903   3.460187    190.969    92.7053     0.1069      7.586 1.0000e-12  0.000e+00
    100.370    11.2078    30.3886   3.460045    190.941    92.7053     0.1069      7.591 1.0000e-12  0.000e+00
    100.237    11.2072    30.3872   3.459859    190.926    92.7053     0.1142      7.586 1.0000e-12  0.000e+00
    100.429    11.2066    30.3857   3.459649    191.088    92.7053     0.1142      7.586 1.0000e-12  0.000e+00
    100.319    11.2056    30.3848   3.459476    191.092    92.7053     0.1142      7.586 1.0000e-12  0.000e+00
    100.348    11.2039    30.3849   3.459346    191.101    92.7053     0.1142      7.586 1.0000e-12  0.000e+00
    100.319    11.2033    30.3847   3.459266    191.088    92.7053     0.1142      7.586 1.0000e-12  0.000e+00
    100.348    11.2024    30.3850   3.459229    191.093    92.7322     0.1142      7.586 1.0000e-12  0.000e+00
    100.319    11.2015    30.3849   3.459130    191.280    92.7322     0.1069      7.591 1.0000e-12  0.000e+00
    100.370    11.2011    30.3839   3.459000    191.467    92.6784     0.1069      7.586 1.0000e-12  0.000e+00
